0.999999653033387 0.000682720489250199 0.000477311051705076 -0.000177185947760577 -0.000682908375815497 0.999999689364089 0.000393583378640744 -0.00138012243779548 -0.000477042195998296 -0.000393909201795531 0.999999808633124 0.0156398455290775
0.998902851489415 -0.00254355317741464 0.0467613475377877 0.0477803407225694 0.00258099116304465 0.999996395245455 -0.000740257193754796 -0.0187552095845852 -0.0467592960910704 0.000860135646444308 0.998905815578094 0.998922637277965
0.995653832341723 -0.00202525414124975 0.0931093147268495 0.131987833492736 0.00224028879807658 0.999995059482097 -0.00220502097469058 -0.0411963928243086 -0.0931043889907526 0.0024040293386237 0.995653450450305 1.99340755837707
0.990211041602652 -0.00596129783622665 0.139450908983407 0.270391794230818 0.00629889322069136 0.999978202202877 -0.00197966241992515 -0.0618204422671946 -0.139436067903484 0.00283866997207054 0.990227006761785 2.98213442816058
0.98276815064353 -0.00618228497739681 0.184739117225219 0.457842037179912 0.00683014244069729 0.999972553732299 -0.00287070310984061 -0.0793115963946086 -0.184716299321243 0.00408303007132161 0.982783403212784 3.99174761290543
0.973252574940129 -0.00591349480028586 0.22966161183719 0.688671955379067 0.00723210323721577 0.999961841502805 -0.00490022663622069 -0.0985045480887559 -0.229623870830485 0.00643009467792392 0.973258204089366 4.97538601167409
0.961352002020829 -0.00914095921567276 0.275170440046094 0.96472431518847 0.0113239083336329 0.999915748803698 -0.006345423105848 -0.118390596863387 -0.275089253353516 0.00921619004568359 0.961374518348831 5.94871176078763
0.946965545307971 -0.00786129573099963 0.321238939154342 1.27712708963801 0.0108990326096773 0.999911270486693 -0.00765912800911996 -0.143976296019988 -0.321150225109295 0.0107541240050812 0.946967202034544 6.89836097039694
0.931165672401082 -0.00931171940531401 0.364477410031896 1.66430828942132 0.0139478944267955 0.999851816306297 -0.0100896813655658 -0.163720765274734 -0.36432944814124 0.0144788573691565 0.931157567711493 7.8653920272522
0.913248298074903 -0.0112756437126454 0.407247352259237 2.07512798732007 0.0185448826691627 0.999731309354565 -0.013906704246288 -0.184330948269267 -0.406981121663008 0.0202526283497283 0.913212022289921 8.81256011988208
0.893802839747526 -0.010970707753932 0.448325916304909 2.52209440936281 0.0197905686420539 0.99969173117439 -0.0149925319534241 -0.20051620865634 -0.448023232714647 0.02227299245562 0.893744424740647 9.76160433407957
0.873804726555058 -0.0144638268209524 0.486061824836856 3.04231932650725 0.0245234875626733 0.999596381619927 -0.0143412834192781 -0.2343457702153 -0.485658211510733 0.0244514123527078 0.873806746383978 10.6683919041276
0.853505625504629 -0.0178825540695172 0.520776690618832 3.59807171827794 0.029665607819757 0.999457589185561 -0.0142996199974456 -0.239572287840828 -0.520238501982155 0.0276539631759675 0.853573171659012 11.609741729398
0.832933034337385 -0.0169269910104654 0.553114849994871 4.18083794040925 0.0311366620174681 0.999382146065831 -0.0163044289462759 -0.261898280246957 -0.55249712088655 0.0308026476164927 0.832945453383286 12.4833849395043
0.812562452514066 -0.0174305407352577 0.582613454199268 4.8017631540936 0.0319349039799665 0.999382729120959 -0.014639762379723 -0.277324701811856 -0.581998644905739 0.0305014259407811 0.812617524019426 13.382048662059
0.790375300738105 -0.0181979904741029 0.6123526084911 5.47111289434062 0.0330826982076366 0.999368053566676 -0.0130010995556579 -0.328333378783848 -0.61172904055836 0.0305340245145993 0.790477864512657 14.2222606640274
0.770342889810491 -0.0200370323932072 0.637314953105052 6.19003089814742 0.0354019447372979 0.9993084344978 -0.0113734361726313 -0.324000416190106 -0.636646318160436 0.0313236344383787 0.770519497156517 15.1041549377137
0.748701553641431 -0.0161702125490269 0.662709972613229 6.90758481284447 0.0328464406292519 0.999379419129713 -0.0127235198725198 -0.340633637017381 -0.662092965460967 0.0312937828661967 0.748768057706141 15.9217347440112
0.727318151369054 -0.0150719927330091 0.686134929677944 7.63912280909184 0.033339578484292 0.999354403826119 -0.0133883553818819 -0.359014933714025 -0.685490174397556 0.0326130432250343 0.727351091437973 16.7108617158102
0.704077937672841 -0.0137134282650675 0.709990281319102 8.48886066229033 0.0333129753334325 0.999350612183643 -0.0137331570518997 -0.422925603859261 -0.709340893616597 0.0333211016233988 0.704077553135882 17.5694643688634
0.682709419712056 -0.0161402496833989 0.730511697768479 9.28827302766795 0.0365873095198372 0.999257020212982 -0.0121151284421892 -0.424574717165062 -0.729773401144854 0.0349985699026211 0.682792708723698 18.2777896748962
0.660080692301999 -0.0157355800138186 0.751029873687953 10.1373384270797 0.0353254033181056 0.999324727252836 -0.0101096677224091 -0.449770273018525 -0.750363642196586 0.0332036296611238 0.660190823509991 19.0196727782903
0.637586533424288 -0.0160588773499741 0.770211350769552 11.0079762541346 0.0357964077433581 0.999320386398737 -0.00879673351587771 -0.473349198038602 -0.76954663899511 0.0331794783885552 0.637728071065711 19.7347792208123
0.616749233296174 -0.0178493939155914 0.786957293863795 11.9384965271252 0.0391996752136273 0.999198906451848 -0.00805796553589606 -0.507217472344435 -0.786183037652001 0.0358182143926467 0.616954849908804 20.3886421069932
0.595165615947483 -0.0181188747858752 0.803398777675413 13.0761800449506 0.0424136950906568 0.999060591853911 -0.00888888481583096 -0.53248457924452 -0.802483001728142 0.0393654693990316 0.595375000950144 21.4117584887307
0.577267839132028 -0.0200054306130213 0.816309760231878 13.9167999151667 0.0461276589772523 0.998902389556736 -0.00813973065404936 -0.558245524849689 -0.815250931297302 0.0423532629655585 0.577557027604247 21.8652652564043
0.5605894096912 -0.0234221276158366 0.827762597415479 14.9306774814763 0.0520822046737573 0.99861816029663 -0.00701526065764417 -0.581347115425626 -0.826454449863024 0.0470443818507726 0.561034641031983 22.5118416568322
0.545821797266145 -0.0265903342247523 0.837479265268682 15.9545003065538 0.0565908436086771 0.99838399765906 -0.0051835931526066 -0.607611475347198 -0.835988063341106 0.050222976257182 0.546444517409643 23.1440281311771
0.532981899513492 -0.0284579114618732 0.845647942152181 17.0176717097902 0.0597918240290663 0.998202477189434 -0.00409295885081919 -0.633028946806848 -0.844011393625861 0.0527443059306454 0.533725402825861 23.7550098563726
0.519831081605305 -0.02960751033037 0.853755844447987 18.2913573186349 0.0623614934560591 0.998047975580375 -0.00335895427859561 -0.629909638476164 -0.851989841917724 0.0549875783423205 0.520662727201649 24.7771748111226
0.508446785222096 -0.0307072069980182 0.860545718736487 19.3052711904744 0.0624439593474208 0.99804764992917 -0.00128078564854518 -0.668784629513237 -0.85882630289153 0.0543870932229396 0.509371598690411 25.1818768301846
0.498021744681909 -0.0305742083630182 0.866625385969602 20.4125472877143 0.0623193856309852 0.998056076517272 -0.000601914883267407 -0.68863611931213 -0.86492232946003 0.0543073283261559 0.49895899439885 25.7871033117674
0.48834635374096 -0.0283169686708747 0.872190339360166 21.5271102270798 0.0624756092485814 0.998043162444389 -0.00257762429794907 -0.70912953243303 -0.870410614041975 0.0557493962594709 0.4891598591256 26.3892349069144
0.479351884793333 -0.0256670212777474 0.877247385042445 22.6649803132867 0.063084539363813 0.997994266149522 -0.00527120725564721 -0.724237004628922 -0.875352564078232 0.0578675103266429 0.48000962470586 26.9999787228357
0.471122342130461 -0.0238553383031271 0.881745236210524 23.8628731103758 0.063691925578368 0.997944833379417 -0.00703193767374718 -0.751186187391862 -0.879765353581072 0.0594729549103724 0.471673499650553 27.6140580358073
0.464409063663203 -0.0228829403179413 0.885325133851893 25.1659071763321 0.0649692195404225 0.99785284109371 -0.00828903091560584 -0.716236129682385 -0.883234522706045 0.0613683840720694 0.464898590379244 28.5590261679707
0.459683416778682 -0.0224393933375841 0.887799318520418 26.3929295055358 0.0639783765403218 0.997919984594475 -0.00790390297432459 -0.760720624891449 -0.885775323473138 0.060433252217665 0.460162904146406 29.0047394214886
0.455053149430619 -0.0215769908813406 0.890202822202773 27.6074504800216 0.064979823513569 0.997845717979933 -0.00903026274570318 -0.779875788707259 -0.888090228371769 0.0619544717806354 0.455474905672049 29.6171511106952
0.451039216270562 -0.0196478234322752 0.892287839444432 28.844094298435 0.0640796842905517 0.997890401880918 -0.0104182481811532 -0.799294202194827 -0.890200774795923 0.0618765615424372 0.451346731110822 30.2311230558331
0.447315961267923 -0.0190989371878369 0.894172053574282 30.1019818869541 0.0645516040511818 0.997853974533089 -0.0109788853230855 -0.824576526711853 -0.892043452534333 0.0626312709979055 0.447588876854434 30.8628755307067
0.444367656211328 -0.019304291448764 0.895636494591925 31.5022695924111 0.0651420659799586 0.997817409037784 -0.0108133926677191 -0.812181825682583 -0.893472941589791 0.0631487335802131 0.444655304808232 31.7911485207248
0.441551691949665 -0.0218186594387578 0.896970484150222 32.7700046911964 0.065372392481877 0.997829595031736 -0.0079088292431161 -0.857006661500502 -0.894851134903222 0.0621292634681665 0.442019683931971 32.2835154518733
0.439452079351917 -0.0228673770899937 0.89797491781135 34.0712572521309 0.0651301760384312 0.997855848846337 -0.00646259176789077 -0.877787912205216 -0.89590174133243 0.0613252638655512 0.439999183964403 32.9209431515931
0.437370613174572 -0.0237388328534331 0.898967971924504 35.3334147920379 0.0679699482950836 0.99766471017572 -0.00672400169240083 -0.894032643138096 -0.896709001215033 0.0640436873138369 0.43796275327382 33.5603004438198
0.437604693014532 -0.0225434790684875 0.898884822545773 37.0086389411829 0.066299439089145 0.997773409927886 -0.00725305572450712 -0.892695099458952 -0.896719865414011 0.0627695307642706 0.438124946766914 34.4921276166391
0.436161137849557 -0.0229631055837373 0.899575543026671 38.3295993147368 0.0691291803309655 0.997575215210472 -0.00805272777068915 -0.932764731800772 -0.897209350294873 0.0656992068424734 0.436690961623574 35.0754732390441
0.436133017147321 -0.0226284643246504 0.899597656708977 39.7349301244616 0.0687775351476337 0.997597905707008 -0.00825040532387411 -0.955904592634405 -0.897250044309272 0.0654703836196202 0.436641714516271 35.7555962924147
0.436723644164402 -0.0212706792186006 0.899344214877343 41.1297583113797 0.0685692069364332 0.997599177524414 -0.00970282756316015 -0.979676748965943 -0.896978663340368 0.0659047737890907 0.437133661828891 36.4376702912831
0.438637906606345 -0.0216111882429679 0.898403997893337 42.8595344749486 0.0699263711968298 0.997500557291411 -0.0101459752891124 -0.971335049635515 -0.895939221989554 0.0672725408027013 0.43905274826005 37.3647015863871
0.439282765974971 -0.021973518105624 0.898080072164749 44.294614743369 0.0682974257961484 0.997624430763728 -0.00899759817766051 -1.01476549243892 -0.895748911887142 0.0652890469022856 0.439739954072395 38.0514410035513
0.440303632743912 -0.021825126717956 0.897583631109803 45.7938938358524 0.0691773992375313 0.997557424165446 -0.00967847752133256 -1.04394161807418 -0.895179981024623 0.0663539700104289 0.440737963235084 38.7865579010021
0.441284435995766 -0.0212378272830215 0.897115935228104 47.3458793418628 0.0690105603669088 0.997562445767097 -0.0103300219270731 -1.07546371363614 -0.894709779261266 0.0664689513040873 0.441674415612667 39.5462340965615
0.442529016996122 -0.0214838629361058 0.896496800189375 49.0027343578937 0.0712469331905657 0.997395070438773 -0.0112671192136119 -1.06970379227158 -0.893919427928147 0.0688586748186262 0.442906919425332 40.3932821663082
0.443432610525681 -0.0209058041211609 0.896063874551601 50.6224698219293 0.0696857502101344 0.997505976033484 -0.0112126711865321 -1.11345691122194 -0.893594659865439 0.067414947389538 0.443783515611425 41.210078399263
0.444087625280702 -0.0239248562706212 0.895663877983799 52.1441564294405 0.0721500654467499 0.997351978800182 -0.00913227460115163 -1.15531004580389 -0.89307365268973 0.0686777375558576 0.444637851780111 41.9709081024168
0.444676236812283 -0.0263683030683687 0.895303164859681 53.8138650972849 0.0733558528967051 0.997280823616988 -0.00706241400793896 -1.18180269638033 -0.892682453765203 0.0688162149432619 0.445401353052075 42.7999878610068
0.445392976561839 -0.0262578381732086 0.894950066966786 55.4442666951622 0.0752901685437263 0.997127834123358 -0.00821419120290703 -1.17987346206452 -0.892163935019816 0.0710394844500593 0.446090691114517 43.6046309863114
0.445954674398584 -0.0256182563483314 0.894688847210987 57.1116283675734 0.0768220491470612 0.996997205512426 -0.00974397071316852 -1.2315225787933 -0.891752656932907 0.0730771998785103 0.446583611108846 44.4417087083746
0.446622786966553 -0.0257407187788614 0.894352000925238 58.7586270080797 0.0761573862429427 0.99705211001376 -0.00933501139544558 -1.2679217979704 -0.891475259714409 0.0722807395774104 0.44726653798744 45.2534389164194
0.446790585831668 -0.0263770470447702 0.894249642885807 60.4182716659373 0.0768144810092239 0.997005047230084 -0.0089705799712908 -1.30515611928546 -0.891334790030928 0.0726992928915799 0.447478608308359 46.0729360433038
0.447301700817222 -0.026663768579164 0.893985588189864 62.1265557380771 0.0759881504633898 0.997074326048957 -0.00828186713079497 -1.30369152084951 -0.89114925205331 0.0716368046410203 0.448019172341598 46.9584741449571
0.447259268233711 -0.0278052207073784 0.893972044686219 63.8200893571181 0.0784143773362181 0.996886921993795 -0.00822497323464207 -1.34394284324032 -0.890960342779643 0.0737789567502234 0.448047244311167 47.7925224023393
0.447377253778389 -0.0286342749502009 0.893886833497274 65.510313690192 0.0794506737532235 0.996808025258585 -0.00783270197564675 -1.37045306073892 -0.890809285561094 0.0745240838800234 0.448224249321673 48.6223705146035
0.44736997320181 -0.0275334789308282 0.893925060961699 67.2666672302436 0.0793273154446117 0.996808016875319 -0.00899747283654563 -1.37875374208416 -0.890823935523604 0.0749378744765219 0.448126132765295 49.5246370236852
0.447033778344924 -0.0271198491876042 0.894105874490657 69.0082133120249 0.0790993825594424 0.996823236190233 -0.00931254368825477 -1.43181213037568 -0.891012956526097 0.074886244205944 0.447758820941979 50.3754993810574
0.445986317616019 -0.0259206839725552 0.894664363122673 70.7282206087527 0.0779110560238862 0.996910607412835 -0.00995530898642821 -1.46398110075719 -0.891642345253155 0.0741441769134119 0.446627998653562 51.2368976243675
0.44499236207994 -0.0250935323679928 0.895182725662092 72.4571109134055 0.0772487514808799 0.99695704597167 -0.0104536540064411 -1.49998739452386 -0.892196406675773 0.0738035440933403 0.445576714824845 52.0733079619364
0.444114720923243 -0.0231337988699551 0.895671224283283 74.3489684646943 0.0724336148376229 0.997321520050024 -0.0101566277211115 -1.50882267933819 -0.893037225484372 0.0693874123667601 0.444600833224838 53.080169358839
0.443358442946029 -0.0251445611934376 0.895991652924771 76.0721388143164 0.0756124791107316 0.997092658551407 -0.00943309416975058 -1.5601667512127 -0.893149508241035 0.071930392083428 0.443970691176255 53.8568942613173
0.443035999082093 -0.0245038369665817 0.896168882237744 77.8029880857586 0.0724198200834558 0.997337744725603 -0.00853185822247334 -1.59953035031797 -0.89357398864135 0.0686803095476693 0.443631087621263 54.7061138255454
0.441589537332747 -0.0236219906635415 0.896906172392264 79.6420704333717 0.0723288454950998 0.997337069504089 -0.00934386977336821 -1.62350164776672 -0.894297052789283 0.0689983430966805 0.442122166400098 55.6004909586391
0.43910602105952 -0.0219220504609041 0.898167760484012 81.6394865070241 0.0719984696731688 0.997345653899282 -0.0108566575397467 -1.63600439924979 -0.895545712196758 0.0694339279589101 0.439518835790002 56.6869492830759
0.435653816741637 -0.020982085720163 0.899869715035058 83.4679744683561 0.071228356901196 0.997396842092915 -0.0112276692254662 -1.68144512309688 -0.897291632152892 0.0689876181782816 0.436014260554042 57.5071964078416
0.431581452515464 -0.0205884995587394 0.901838989803924 85.3361009464259 0.0689130070894155 0.997570478356598 -0.0102048108891401 -1.7186013060758 -0.899437850714843 0.0665526438040499 0.431951731451739 58.4024969927302
0.426972942598815 -0.0208460194048916 0.904024086937666 87.2799511019032 0.0689416419094699 0.997574905855954 -0.0095580969503192 -1.74815905877669 -0.901632495143856 0.0664059536597145 0.427374651821103 59.4277148491159
0.42255255848759 -0.0192340272445345 0.906134309863361 89.1235420469025 0.0667117684903201 0.997722862943713 -0.00993119853260958 -1.77410340578105 -0.903879900905251 0.0646462756495428 0.422873484371103 60.2370948392613
0.418186941863083 -0.017890747864907 0.908184784499299 91.0260664752216 0.0668861820447721 0.997698369497596 -0.0111446019808298 -1.81784549625831 -0.905895093433382 0.0654055398469567 0.418421073860593 61.1202563407399
0.413917239866672 -0.015949655561951 0.910174778286353 93.0369422182575 0.0671728930502512 0.997655801901439 -0.0130653500395808 -1.86434608151576 -0.907832760468808 0.0665470466651405 0.414018320367266 62.1047897026458
0.409713422835109 -0.014924710585938 0.912092190605021 94.9888499763844 0.0655001527608496 0.997766616166451 -0.0130961693656776 -1.89332307104258 -0.90985968211425 0.0651078541934469 0.409775946323452 62.9339283595095
0.405166328811581 -0.0140020088368788 0.914135761113128 96.9621847266524 0.0634901176763848 0.997899667855412 -0.0128552655163787 -1.93014979569241 -0.912035772848184 0.0632471077804333 0.405204334136033 63.8145837680066
0.40028488485837 -0.0143266206270198 0.916278756108277 98.9670698996556 0.0634778868758148 0.997909550573708 -0.0121279326994192 -2.00539602190318 -0.914189569417472 0.0630180673711105 0.400357533153939 64.7707512792873
0.394823956838729 -0.0136021194669634 0.918656097488182 100.965390821681 0.0611493031913846 0.998062342775036 -0.0115031584190689 -2.02459316501787 -0.916719589528563 0.0607169027570785 0.394890683473502 65.6055028324892
0.38966039970688 -0.0136002235808357 0.920858190395691 102.963414684691 0.0608698509898826 0.998084918107792 -0.0110162373899621 -2.05555538738636 -0.918944848258449 0.0603450922968371 0.389742011714085 66.4701197156855
0.384705614468919 -0.0125364391549213 0.922954185151899 104.9647535584 0.0610830795153382 0.998061697359067 -0.011904018718973 -2.12333376245915 -0.921015986610989 0.0609564267165796 0.384725702870151 67.3411057504468
0.379091507861206 -0.0115755335943555 0.925286785645144 106.954198378363 0.0617998529232919 0.998006042376929 -0.0128342338220118 -2.15639690445821 -0.923293239900616 0.0620479363165652 0.379050981732905 68.1687411313482
0.373488487762358 -0.011725695465737 0.927560702905655 109.027788316036 0.0619011073927046 0.998006387615342 -0.0123086629059576 -2.20004937002232 -0.925567178767994 0.0620141785789382 0.373469730021907 69.0281278123093
0.368632724323427 -0.0110079528065579 0.929509945903161 111.114255995547 0.0602594978067712 0.99810967260225 -0.012077846741262 -2.26084241714641 -0.927619915419006 0.0604640920947158 0.368599221492935 69.8592118310446
0.363596544881696 -0.0103443980193831 0.931499085334876 113.140420744099 0.0609114714426934 0.998062472359655 -0.0126922777317331 -2.31035762149508 -0.929562986137453 0.0613538482652074 0.363522159030603 70.6679749413528
0.358712198017354 -0.00921724350091423 0.933402700561662 115.272432357769 0.0605717273706325 0.99807359950842 -0.0134222132170667 -2.34374183070119 -0.931480877332915 0.0613525255107847 0.358579479023204 71.4887169966351
0.35455006812786 -0.0102692352038544 0.934980637232054 117.521344918088 0.0616157997008038 0.998022869719372 -0.0124034166397612 -2.38924501923856 -0.933004685099577 0.0620072118824657 0.354481823591567 72.2845898590263
0.349958029495909 -0.0121992451541727 0.936685943104202 119.69296887478 0.0656497666884552 0.997776079200855 -0.0115327320406 -2.43684830641669 -0.934462137127606 0.0655291858047793 0.349980628153432 73.0846488992184
0.34604666551435 -0.0120840777127982 0.938139478090668 121.831685453297 0.0668368884999764 0.997694106108857 -0.0118025832464552 -2.48008729683514 -0.935833604665937 0.0667865682714634 0.346056380777006 73.8817440292994
0.344547015571676 -0.0105255078543094 0.938710055206111 123.843332697964 0.0650428097289657 0.997801840510331 -0.012685423791014 -2.511837356683 -0.936513100262465 0.0654270644198938 0.344474254884428 74.5566995008708
0.340667553816799 -0.0100434386812597 0.940130175622469 126.115382536107 0.063191608270964 0.997926383802102 -0.0122373671919144 -2.5783878408644 -0.938057801215153 0.0635772117280751 0.340595801101945 75.423104927019
0.337150936647088 -0.00935637392459773 0.941404113112416 128.146804022241 0.0629642772289104 0.997935841345296 -0.0126315617204335 -2.64980794809663 -0.939342720050053 0.0635335724278063 0.337044120944912 76.1021580949883
0.333304631156717 -0.00774345284794766 0.942787389493239 130.098954023061 0.0596849797776183 0.998133873629912 -0.0129024610633804 -2.74324012916884 -0.940928119485453 0.0605706963022414 0.333144810421881 76.737057363262
0.330067979251022 -0.005605285047592 0.943940522412658 132.078723700439 0.0521241145686068 0.998564905390476 -0.012296601276324 -2.82434128679874 -0.942516952501962 0.0532607782711197 0.329886470993233 77.4342027672735
0.325320368187925 -0.0085865143502503 0.94556487340287 134.182972677199 0.0595760031059054 0.99815829793213 -0.0114329402673955 -2.89996738823718 -0.943725255514548 0.0600523441719441 0.325232775198712 78.0954680560567
0.321197076976533 -0.00810683877078896 0.946977674978073 136.487580562397 0.0586448006731036 0.998214436499769 -0.0113457532786541 -3.03816262878483 -0.945194808013535 0.0591795397801688 0.321098983143305 78.8026787578002
0.316884578358302 -0.00616724410790804 0.948444056915744 138.433732238234 0.0526984653405307 0.998548621769218 -0.0111140322812252 -3.11036823605813 -0.94699896290832 0.0535034116941033 0.316749663279469 79.4062691802984
0.312863033862796 -0.0068336005298578 0.949773669852963 140.578955810366 0.052295085819481 0.998581188123949 -0.0100416494708731 -3.17529904724571 -0.94835749906947 0.0528101564924882 0.312776503800939 80.0704110522138
0.309194754025698 -0.00808287995828142 0.950964390045478 143.251573335044 0.0565240340460059 0.998352228867844 -0.0098924562053513 -3.18671673195013 -0.949317458839852 0.0568110391225934 0.309142148817752 80.9943618271115
0.304507552803609 -0.00706618517002989 0.952483710786017 145.444842768344 0.0555360660591101 0.998403057570139 -0.0103479467179034 -3.2347571286729 -0.950889528626873 0.0560482262140495 0.304413699898712 81.743147810715
0.300800854301193 -0.00603043977377344 0.953667908576045 147.748566940089 0.055633627101255 0.998388044261511 -0.0112344386256578 -3.27646348831673 -0.952062889512679 0.0564353335403456 0.300651471875591 82.4953865334551
0.29745954252867 -0.00439414540541253 0.954724312063326 150.136613829151 0.0557664235902073 0.998362048292309 -0.0127799268207511 -3.32831124437512 -0.953104362889286 0.0570430715840432 0.297217363937012 83.2292028899643
0.293946136147901 -0.0038253392085563 0.955814331250405 152.412922131243 0.0568177640403889 0.998293585478117 -0.0134780889853396 -3.37407231289911 -0.954131757533083 0.0582690653193058 0.293661889413053 83.9520858863936
0.29045104186312 -0.00263864830722235 0.956886215709966 154.842900668877 0.0556641883332606 0.998349371795406 -0.0141431952867195 -3.43756465734105 -0.955269433415425 0.0573722003310818 0.290118493397685 84.6854795629381
0.286934763537511 -0.00302715973556938 0.957945341748478 157.197956612614 0.0569201834344366 0.998282038491591 -0.0138947595468373 -3.4734638805411 -0.956257566867558 0.0585133141174698 0.286614127145763 85.4214983221598
0.282856868328746 -0.00216410840612353 0.959159688828748 159.067014871813 0.0545718233517178 0.998413919211404 -0.0138405932312597 -3.53011787224258 -0.957608431528944 0.0562579999620572 0.28252633382562 86.0109578733117
0.280042524972771 -0.00407387501729162 0.959978951721973 161.742948542512 0.0601017686110747 0.99810368474624 -0.0132970638036626 -3.593703039078 -0.958104358416501 0.0614201761501977 0.279756323154604 86.7740591845236
0.277293664813623 -0.00116349281533005 0.960784507441028 164.173265627211 0.0496359022566166 0.998681252783395 -0.0131161178006643 -3.79744397630635 -0.959502215037256 0.0513264222740878 0.276985735580626 87.431739902458
0.274707155551002 -0.00201728176411114 0.961525823503124 166.657229578708 0.0504153626765602 0.998652488676279 -0.0123084550966516 -3.8527542057429 -0.960205326945893 0.0518568938036167 0.274438686539948 88.1232027253077
0.271574899441052 -0.00255797125510022 0.962413908241481 168.901017313225 0.0508150521028688 0.998639722946292 -0.0116847864137567 -3.88969172009934 -0.961074869338162 0.0520784075871225 0.271335465779585 88.83334410147
0.268884500753285 -0.0015156598917323 0.963171235051042 171.352466357982 0.0499804710341291 0.998673447929319 -0.0123813131844925 -3.92741346911073 -0.961874772394964 0.0514688952286573 0.268603564857352 89.484672563927
0.265283215085206 -0.00298108903548814 0.964165923947854 173.782721251022 0.0607735603078879 0.998058438641284 -0.0136355206877777 -3.86366530975536 -0.96225328794531 0.0622130706932699 0.264949322839962 90.2599671934651
0.262852392774304 0.00059356837076401 0.964835875830399 175.97048252463 0.054245313324784 0.998408994437962 -0.0153923944749817 -4.01773290078204 -0.963309953024009 0.0563837521096873 0.262401994853153 90.6617949649261
0.259566688092856 0.00227710488141186 0.965722501149199 178.358745736567 0.0530224155187076 0.998455244953864 -0.0166056399058184 -4.06528705228594 -0.96426850922607 0.0555152106857143 0.259044983540414 91.3103327462051
0.256142554100273 0.00430082764632953 0.966629450648254 180.852465551928 0.0514896370960735 0.998509734420288 -0.0180866674553352 -4.10419555605769 -0.965266703689039 0.0544041648174273 0.255539385613675 92.0002709826905
0.251231814287151 0.00273253313383317 0.967923090308656 183.496367521844 0.0582014694562302 0.998143928409083 -0.0179244841827739 -4.09663976258027 -0.966175535005478 0.0608377468579788 0.250606472610191 92.9297395480688
0.247613368194872 0.00255727547899584 0.968855551789489 186.080863152689 0.0562659046566956 0.998270824439161 -0.0170149653752441 -4.18145348812501 -0.967223742401082 0.0587266669893809 0.24704131379177 93.4933634835973
0.243823661135685 0.00200376247321572 0.969817512321953 188.572387008755 0.056105231761293 0.998293942098252 -0.0161681210703012 -4.2436243411639 -0.968195344566066 0.0583540067680296 0.243295262294016 94.1278929013142
0.239883409876042 0.00124313950915802 0.970800908667891 190.932471723302 0.0578682637391155 0.998202689367451 -0.0155773871816791 -4.2861201145157 -0.96907544273811 0.0599153197750671 0.239380326547919 94.8332181547877
0.236584174049887 0.00311899459865954 0.971605990338587 193.594725588611 0.0540114208772223 0.998406342455752 -0.0163567037923955 -4.34150628386922 -0.970108599592827 0.0563475573279104 0.236038678566081 95.3988082601176
0.232705180183571 0.0042160922192796 0.972538186233389 196.036603107939 0.0532507848953716 0.998435260267428 -0.0170700018377253 -4.40041428324522 -0.971088385793878 0.0557606996110308 0.232116546922295 96.0012134268596
0.228784201315632 0.00376659218544106 0.973469877300616 198.336814922176 0.0561095335009585 0.998279038118613 -0.0170494077105905 -4.48078595135381 -0.971858790914953 0.0585215758185449 0.228179130695691 96.6596005733865
0.225520860218209 0.00371335696864923 0.974231262373807 200.788455881132 0.0589814603844615 0.99810641450716 -0.0174577389881252 -4.52738071447961 -0.972451299005434 0.0613986669210716 0.224874797972027 97.2004178821536
0.222849429908989 0.00286404211360476 0.974848669718542 203.228765610519 0.0602386283960304 0.998044251599514 -0.0167026793697919 -4.58906322503687 -0.972989948169149 0.0624457293330506 0.222241066524304 97.7700271333029
0.220572844674803 0.00144493789249493 0.975369433777044 205.877648901727 0.0604036222142371 0.998059232348794 -0.0151383997415761 -4.68741586091196 -0.973498342379413 0.0622549666920067 0.220057484550542 98.4198326537022
0.217657383591422 0.00185042788641134 0.976023482957646 208.282421381804 0.0609723878090865 0.998019264168464 -0.0154892308877945 -4.73429811632853 -0.974118899977305 0.0628818277825497 0.217113436806041 98.954487111169
0.21505064165533 0.0027719280654501 0.976598964743682 210.785567159016 0.0609563048129385 0.998008059989988 -0.0162554944118321 -4.80312668775966 -0.97469869725325 0.0630256186786051 0.214453307185961 99.5061780515806
0.212222874642221 0.00292993226728381 0.97721689863382 213.437221086704 0.0602689657513391 0.998052629575225 -0.0160810560984693 -4.8922724052058 -0.975361011751985 0.0623086197478915 0.211633014105211 100.111089488175
0.209296672336708 0.00483125953976611 0.977840253763384 215.901479855926 0.0600060397681782 0.998039745656739 -0.0177747371505321 -4.9526926594819 -0.976009312527355 0.0623965144915172 0.208596492873656 100.635787642639
0.206235504487351 0.00605748574100635 0.978483634791786 218.430115775154 0.0600080820188129 0.998020339489758 -0.0188263660107935 -5.0300965574603 -0.976660609823736 0.0625995913025512 0.205463730102134 101.177703375576
0.203740924953986 0.00691486768105488 0.979000418847637 221.052908081723 0.0579089203917153 0.998139112579277 -0.0191015412602969 -5.1202957008977 -0.97731069391364 0.0605846230029234 0.202961353507592 101.756995901767
0.200453381892485 0.0077567439918449 0.979672534375906 223.56803558844 0.0587095707147157 0.998076435895752 -0.0199151805446767 -5.18706923696848 -0.977942548411899 0.0615082192253868 0.199612401852596 102.275356763634
0.197743051362313 0.00633698352795599 0.980233404999895 226.111195851145 0.0602336071451341 0.998010944698432 -0.0186028716178198 -5.26541108349942 -0.978401552639921 0.0627215824251099 0.196968030121345 102.792417186568
0.194917175302257 0.00483876382425488 0.9808077697168 228.848927708225 0.0606537670200303 0.998014472167079 -0.0169774524398379 -5.35567948013184 -0.978942498473976 0.0627988830292399 0.194236672571919 103.362030393543
0.19167431580192 0.00509493834085691 0.981445361833846 231.241268575561 0.0601811285917357 0.998043816291569 -0.0169343592611537 -5.41428985361105 -0.979611753922589 0.0623103712512108 0.190992746488566 103.841718580441
0.188479633050099 0.00623272163815098 0.982057320682597 233.798389624401 0.0590189134064753 0.998100613267159 -0.0176616436392676 -5.48389578725628 -0.980302094145279 0.0612888160817521 0.187753788877024 104.347732021171
0.1847947305589 0.00645274898267768 0.98275595627207 236.371013288109 0.0576411447064272 0.998185849880274 -0.0173927437665276 -5.55142735972215 -0.981085320445983 0.0598612656845971 0.184087541338467 104.859425781027
0.181034830032284 0.00572618980005982 0.983460014980556 239.006454183369 0.0568943956148479 0.998247371200935 -0.0162853811145006 -5.64225816085011 -0.9818296278188 0.0589015843657626 0.180391755067685 105.349298408783
0.177410088729015 0.00660481069992326 0.98411484944227 241.496432494959 0.0570085353631619 0.998229341961797 -0.0169766823103267 -5.69595081959732 -0.982484446346562 0.0591147809108418 0.176719425544995 105.831714768701
0.173386670779373 0.00661535787871683 0.984831609685728 244.067107990034 0.0565590047877813 0.998260195251193 -0.0166631796025 -5.75970358085613 -0.98322842787089 0.0585902689632497 0.172710853768236 106.305649922982
0.168986937057862 0.00625175340492758 0.985598463210635 246.741670451753 0.0548930762562623 0.998368098755165 -0.0157445091101738 -5.85710420823537 -0.984088494640053 0.0567631479690842 0.168367989088525 106.763009109731
0.164853705751557 0.00698613109077241 0.986293287857299 249.245661859109 0.053886157566046 0.998417625206124 -0.0160787966132819 -5.91585034684491 -0.984844930800147 0.0557982047215371 0.164216389642165 107.205587915621
0.16072067056098 0.00768761836332533 0.986969992744627 251.823516101562 0.0540955039906291 0.998398012650013 -0.016585680103751 -5.98992035141024 -0.985516383680367 0.0560563008091329 0.160047332490008 107.638357935236
0.156926946294607 0.00806809310022821 0.987577257433755 254.508139328564 0.0538315635306258 0.998410197589056 -0.0167104792878424 -6.07164094117016 -0.986142026431537 0.0557851523607067 0.15624314539075 108.059658257032
0.152778605910661 0.0078265157249803 0.988229448674548 257.010139396048 0.0542271149973229 0.998395733775303 -0.0162904505260251 -6.13191381379576 -0.986771563014998 0.0560776642780384 0.152109098985096 108.477063713325
0.148833050784199 0.00893580290575654 0.988821962954251 259.595329725309 0.05298268440716 0.998450759442575 -0.0169975328079494 -6.20410790708447 -0.987441926468225 0.0549202366616851 0.148129029760358 108.879914789767
0.144714397109848 0.00891137897239495 0.989433338125386 262.305787546067 0.0540389910811657 0.998395872461829 -0.0168958365910641 -6.28898526757844 -0.987996726063433 0.055913050140308 0.144000694831464 109.288082360786
0.14079331263327 0.00899306817734585 0.989998165575324 264.810676301593 0.0548903568111469 0.998349776460551 -0.0168752057857628 -6.34357153987693 -0.988516207174619 0.0567172686747562 0.140067339473484 109.662806871381
0.136900551920849 0.00945995864143943 0.990539624682561 267.415815652716 0.0563105197038858 0.998263127412191 -0.0173162877058068 -6.41230652515367 -0.988982994926832 0.0581484103973122 0.136130077917485 110.037243100076
0.133424574984731 0.0105873708970136 0.991002416933296 270.153740006532 0.0577268300895399 0.998162175247101 -0.0184359701070772 -6.51010196254679 -0.989376316614643 0.0596672396165998 0.132568188637312 110.413910618402
0.130045271164972 0.0103203129486708 0.991454345186036 272.635151443684 0.0596988898529172 0.998050146217548 -0.0182194452566676 -6.56386796015865 -0.989709184557746 0.0615580764463359 0.129175590675131 110.759234632448
0.126891024953792 0.0114645660073605 0.991850407829951 275.263427187961 0.0615729771364973 0.997913797076799 -0.0194119058908027 -6.6381696913574 -0.990003755686172 0.0635343791189296 0.125920397065954 111.10701200398
0.123992380790675 0.0134180330446611 0.99219244398205 278.033826353208 0.0624690073146786 0.99781957316156 -0.0213007638548907 -6.73365729003942 -0.990314855301575 0.0646224094637113 0.122883813271422 111.46908883921
0.120758139824976 0.0132184116104302 0.992593947825852 280.570729503925 0.064313068523225 0.997706452153836 -0.0211107685253877 -6.79043707231757 -0.990596436942481 0.0663860597196639 0.119631058641803 111.776183163774
0.117130492275665 0.0142456385054142 0.993014355164533 283.239012893288 0.0645182490267108 0.997675693615225 -0.0219227259232687 -6.86317471844249 -0.991018588787207 0.0666353671330209 0.11593914147198 112.102164548822
0.113375088721132 0.0151713715796601 0.993436419073645 285.96521503735 0.0625756659850341 0.99778928415292 -0.0223792416344624 -6.94416239947989 -0.99157973722944 0.0647021940431396 0.112175089935328 112.447249360567
0.109475845036203 0.0157510611129532 0.993864650456704 288.615905351202 0.0650372915229588 0.997618324967155 -0.0229745163406395 -7.0093366143743 -0.991859460843605 0.0671534195968057 0.108190702795982 112.750813366375
0.105883495724536 0.0165215756103583 0.99424128000828 291.319618412607 0.0642131890522176 0.997661422938482 -0.0234169069714055 -7.09322462360764 -0.992303054356327 0.0663228672458792 0.104574975952133 113.045717267462
0.102764706121458 0.017367175064514 0.994554069121457 294.07976103916 0.0620051653918639 0.997791293265839 -0.0238305381309627 -7.17288697164261 -0.992771259979104 0.0641164277947718 0.101460874460749 113.379835071849
0.0997561062760665 0.0171420748183816 0.994864246282657 296.793325391736 0.0635259716602425 0.99770202974353 -0.0235607888293582 -7.26445452286795 -0.992981958640367 0.06555005046955 0.0984379027518326 113.636695749536
0.0972316956623984 0.0161625319842519 0.995130529085744 299.486325097647 0.0650777910871134 0.997625106810113 -0.0225616348993952 -7.3433312135549 -0.993131853514848 0.0669546026944348 0.0959489588906186 113.911433550325
0.0948972296644197 0.0157099171960549 0.995363106762407 302.225946844302 0.0659218209796141 0.997581574732497 -0.0220298722865875 -7.41706977698807 -0.993301982944135 0.067706722383562 0.0936321014573803 114.211774698379
0.0924743448593248 0.0154648639285736 0.995594964594794 305.074164877493 0.0657416841354821 0.997602811029004 -0.0216023701028428 -7.50274119323324 -0.993542413040263 0.0674497547119365 0.0912359801801375 114.467713752917
0.089881100520215 0.0148138984147086 0.995842324960651 307.833673725132 0.0653883249913187 0.997644284871298 -0.0207424159264444 -7.58083215045193 -0.993803680172349 0.0669808127555543 0.0887007102480059 114.727542345152
0.0869656106897 0.0143377410399326 0.996108132553509 310.615553656416 0.06683444455126 0.997559709412083 -0.0201936420490448 -7.64912843770484 -0.993966870463444 0.068330486165051 0.0857951343699377 114.998207007006
0.084367977344511 0.0136349502912585 0.996341373490709 313.356993801491 0.0669113492179166 0.997571901176529 -0.0193176947093682 -7.7197198435914 -0.994185553981064 0.0682963404114836 0.0832507906374748 115.248932677682
0.0819149740502534 0.0148865147657983 0.99652813743741 316.083005326227 0.0661818358859702 0.997600190025882 -0.020342700388281 -7.78929694541123 -0.994439491183405 0.0676184334220524 0.0807331768013538 115.487142898983
0.079104903915327 0.018111090870614 0.996701762095374 318.990003056936 0.0658949885018558 0.997553170395324 -0.0233564279070795 -7.8718397153451 -0.994686013105084 0.0675252591384489 0.0777179175698768 115.731341469245
0.075355451495615 0.0182091348885421 0.99699046301181 321.726177415623 0.0641079295087219 0.997676340830723 -0.0230671264080087 -7.93746590073726 -0.995093829397006 0.065653228048811 0.0740130011739427 115.97334995069
0.0700685970163666 0.0175979928096642 0.997386937131838 324.667294071095 0.0624014174813971 0.997808866966 -0.0219892723922269 -8.03678600950464 -0.995588496723657 0.0637791161203899 0.0688169277026475 116.182498200252
0.0646050593796503 0.0162053329069652 0.997779321036434 327.295920081894 0.0602171479193773 0.997982754561257 -0.0201076277760895 -8.0958539316518 -0.996092406054282 0.061382479452205 0.0634988961895555 116.410574839115
0.0591144181810032 0.0153266046538008 0.998133548555958 330.030323899399 0.0591194025373533 0.998073363729135 -0.0188270246729576 -8.16716801048504 -0.996499062622112 0.0601220076527378 0.0580944264887456 116.597753475998
0.0539387369426727 0.0155163909694548 0.998423684749271 333.358599553509 0.0600071815916619 0.998021794297558 -0.0187519669503866 -8.27071484669581 -0.996739560173296 0.0609240487686603 0.0529009401351189 116.820244351288
0.0488132325292354 0.0155597002618804 0.9986867196763 335.847805862954 0.0616960792462425 0.997922339837436 -0.0185633364193556 -8.32461668943067 -0.996900628014492 0.0625211914564753 0.0477518427201987 116.945936421467
0.0444729462553225 0.0160325390762613 0.998881932333416 338.942555559181 0.0638084116987706 0.997784016629508 -0.0188558414070019 -8.40796803319581 -0.996970733596454 0.0645756443982867 0.0433513840920292 117.091222625798
0.0396191680305459 0.0154467480952789 0.999095450644156 341.707752019064 0.0638352231861371 0.997798863138606 -0.0179580901011699 -8.47663564090735 -0.997173698913757 0.0644889656653498 0.0385459142072139 117.226195332296
0.0348115141719261 0.0137930518825699 0.999298709196016 344.561826955777 0.0639488518808413 0.997824899794152 -0.0160004279290756 -8.55014352784515 -0.997345829100508 0.0644610042627018 0.0338537458084617 117.348421119535
0.0307004218866589 0.0130235848616244 0.999443780476588 347.854233439786 0.0628545629044946 0.997910952550991 -0.0149343463485703 -8.63803829229526 -0.997550393723579 0.0632780927029742 0.029817695514706 117.501530523956
