0.999998619399879 -0.00156989484091589 -0.000544636138756246 0.00247215527834132 0.0015695323351105 0.999998546915941 -0.000665382788557535 0.00496665131654255 0.000545679928361146 0.000664527045899329 0.999999630318542 -0.000340997633155191
0.999997870854899 -0.000406028581692446 0.00202322180194952 -0.0130386715754867 0.000417073305077257 0.999984998650044 -0.00546154966372233 0.0109116649255157 -0.00202097390562742 0.00546238186709446 0.999983038880566 1.01063632965088
0.999984224115228 -0.00473916245407228 0.00301527111528402 -0.00918294259155913 0.00475530353462596 0.999974281997873 -0.00536865263660275 -0.00659207576144797 -0.00298975065153072 0.00538290647074974 0.999981042674794 1.74424445725019
0.999966357817339 -0.00814486828943196 0.000971778818901512 0.0162941932900068 0.0081457725009235 0.999966390022963 -0.000930169235794969 -0.0105741644859754 -0.000964170051525292 0.000938053832051621 0.999999095215151 2.722588638963
0.99999641955808 0.000925905066891222 0.00251069130467998 -0.00514184504675747 -0.000939089445508282 0.999985750337814 0.0052552100179215 -0.0126455081381377 -0.00250578970259387 -0.0052575489656524 0.99998303945459 3.80631101579791
0.999934822758674 -0.0101856622979583 0.00515776289983784 -0.0126916347290303 0.0101654884179419 0.999940636311393 0.00392258822599358 -0.00011701295937506 -0.00519741087501106 -0.00386990138349336 0.999979005171348 4.70433630574379
0.99990461865611 -0.0134057977246505 0.00332237528655425 0.00908920195244192 0.0134008824168804 0.999909083045761 0.00149732863298507 -0.00478824499337964 -0.00334214611109348 -0.00145266305520795 0.999993359892665 5.73572184343582
0.999885129147417 -0.0150066619728821 0.00212805222775742 0.0079454517317414 0.01501206336722 0.999884072868998 -0.00254534405581283 0.00339175692130076 -0.00208960841091777 0.00257699812486287 0.999994496293531 6.65913572411944
0.999892178362799 -0.0146491255307791 0.00101723649185389 0.00716968451990178 0.0146521471833742 0.999888062375869 -0.00302940607171124 0.0084317984003247 -0.00097274447498961 0.00304398413498778 0.99999489395135 7.609181348504
0.999920467618368 -0.0122658446649103 -0.0029338528456927 -0.0179965606780315 0.0122639662918725 0.999924578648605 -0.000657377518946415 0.00233062647365909 0.00294169486107988 0.000621344563741813 0.999995480170924 8.4785772514793
0.999907013454807 -0.0119415369781327 -0.00658514528984884 -0.0349547635032793 0.0119777319461909 0.99991322230913 0.0054846867548099 -0.0199047122084074 0.00651907825645051 -0.00556305185784564 0.999963276362044 9.31303049740036
0.999893891801966 -0.0116803024382642 -0.0087049222896215 -0.0327105622065992 0.011759059484045 0.99988988841256 0.0090518269078078 -0.0455094640236386 0.00859823570090763 -0.00915322813377335 0.999921141269432 10.2762148821098
0.999891016467761 -0.0114844643219273 -0.00927697506223021 -0.0456300054178815 0.0115962626317101 0.999859685988341 0.0120886321919524 -0.0681440986950384 0.00913684190753379 -0.0121948929693657 0.999883894612481 11.1934403682348
0.999852975381909 -0.014092148322662 -0.00976928736378162 -0.0737563107135839 0.0142148665901075 0.999819470093166 0.0126081239860219 -0.0854059647203132 0.00958984816196246 -0.0127451393979646 0.99987279002579 12.1562909909392
0.999853881843678 -0.0132057406301049 -0.0108546476929458 -0.0834486946957886 0.0133401487985713 0.999834066375709 0.0124048435962265 -0.107236803447731 0.0106890313948249 -0.0125478336387307 0.999864139010303 13.1205923568327
0.999952904511462 -0.00640445097468307 -0.0072918973391065 -0.0935607493932332 0.00641857746909463 0.99997756604257 0.00191553513453168 0.00836402498180545 0.00727946580213261 -0.00196224852943645 0.999971579075298 14.0290292236397
0.999820693338945 -0.0162179394569745 -0.0097754596312335 -0.0778373318981667 0.0162579612836019 0.9998597145376 0.00402863993056068 -0.139292430090544 0.00970875203787118 -0.00418684661280015 0.999944103662454 14.8978322080126
0.999772376972905 -0.0176689048634305 -0.011958429782993 -0.0817595820271064 0.0177114314678057 0.999837154635795 0.00345968281192791 -0.155855207616867 0.0118953536016781 -0.00367069621801752 0.999922510273654 15.8455763974636
0.999810002768858 -0.0146420039905129 -0.0128674038748409 -0.116694729203566 0.0146677086813108 0.999890607601091 0.00190555849036102 -0.159715557122925 0.0128380950836433 -0.00209393177104501 0.999915395803246 16.7768160458941
0.999818205257717 -0.0116454528644041 -0.0150976773982311 -0.127451896933695 0.0116770894830238 0.999929802281522 0.00200900234971308 -0.172559787339065 0.0150732218335554 -0.00218493405361364 0.999884005295983 17.6921584148901
0.999722610157549 -0.0146419325370982 -0.0184476706213951 -0.123378413756852 0.0147448713045811 0.999876400431593 0.00545643016741003 -0.207565619775405 0.0183654978148636 -0.00572692513828732 0.999814938285317 18.609516451543
0.999783923144335 -0.013069116824132 -0.0161649375984095 -0.186774951956672 0.0130962886500049 0.999912997634555 0.00157619322211636 -0.0170359111566541 0.0161429317572439 -0.0017875533320391 0.999868096504417 19.5204558158178
0.999770473995281 -0.0139877791613975 -0.0162277959496505 -0.241106945113703 0.0140176517925401 0.999900253814003 0.00172854300362737 -0.142336422587436 0.0162019988110917 -0.00195562185104035 0.999866826521263 20.4568067347517
0.999763864665956 -0.0131365755259935 -0.0173102654989104 -0.266043308261125 0.0131578171812587 0.999912811859658 0.0011137890000332 -0.143151954509186 0.0172941248757338 -0.00134129130388934 0.999849545772973 21.3584518630651
0.999764537205369 -0.0134200775587171 -0.0170520281741864 -0.310224543088201 0.013438906685451 0.999909203619907 0.00099010267279563 -0.15052570453969 0.0170371926570949 -0.00121903015588389 0.999854113374468 22.2550239695072
0.999790128663457 -0.0133355238800671 -0.0155519268887364 -0.36733015209173 0.013368548039773 0.999908593654881 0.00202144958526667 -0.164364485587864 0.0155235482547232 -0.00222893202266357 0.999877018093536 23.129182492208
0.999634933315846 -0.0134977694477776 -0.0234053479905318 -0.304522403604469 0.0135966388561674 0.999899277227812 0.00407023477380315 -0.0176384497101608 0.023348051448423 -0.00438698293062073 0.999717771610732 23.9810055907501
0.99969018835508 -0.013380813203105 -0.0209876426643964 -0.398268127300311 0.0135524338691251 0.999875705143206 0.00805641363134997 -0.106678012334934 0.0208772326424689 -0.00833835129986875 0.99974727459233 24.8415277119688
0.99970912507288 -0.00978593167087265 -0.0220431573815965 -0.421375129290955 0.0100115031615209 0.999898407381094 0.0101461678084917 -0.111842520242954 0.0219416282546141 -0.0103639016824856 0.999705533890581 25.69274557439
0.999677131002054 -0.0081662585271945 -0.0240612961656046 -0.42497436060857 0.00837752067308524 0.999927126287363 0.00869248307836253 -0.108227157858024 0.023988557665561 -0.00889125055110994 0.999672693817713 26.5470531694808
0.999648463696036 -0.00709859521923297 -0.0255452339207839 -0.405968167890833 0.00723616034940956 0.999959790388269 0.00529675278330466 -0.00744655338053815 0.0255066072528613 -0.00547974019122218 0.999659634792705 27.3954653199027
0.999542617876096 -0.0137900676072335 -0.0269144772341716 -0.486980810634473 0.0139003679917585 0.999895719312933 0.0039153887886361 -0.0732907048652024 0.0268576770978897 -0.00428771909765683 0.999630071899523 28.2300724081058
0.999528444472411 -0.0119931734552649 -0.028267516357719 -0.512760429961802 0.0120835395288462 0.999922406144193 0.0030281616967008 -0.0741075838390571 0.0282290057036516 -0.00336830540160509 0.999595807191939 29.0882092278457
0.999461413747217 -0.0124530754661664 -0.0303612144330344 -0.525718570410295 0.0125239646057637 0.999919269657052 0.0021458049916629 -0.0701948434449891 0.030332041490284 -0.00252489206554056 0.999536688760892 29.8888693180454
0.999399562094971 -0.00999498107035858 -0.0331755276941111 -0.534144931273326 0.0101035156552418 0.999944135877897 0.00310549429394402 -0.0979206344214178 0.0331426350156991 -0.00343881910088445 0.999444715963523 30.6334192717148
0.999342091460693 -0.0117326175598751 -0.0343180698781597 -0.576701666350686 0.011832134008263 0.999926357528651 0.00269817054592141 -0.0965077341573636 0.0342838860075553 -0.00310245139818206 0.999407319342591 31.4467130474942
0.999296859205166 -0.010086906672565 -0.0361115147351874 -0.608044336138051 0.0102045430818821 0.99994320497788 0.00307475512133335 -0.0797350832190775 0.0360784490129593 -0.00344109464344065 0.999343036391646 32.2893059532689
0.999287384376291 -0.00522457925053808 -0.0373821775455432 -0.60796166622044 0.00543244668648607 0.999970331520258 0.0054611905536848 -0.0126481076652359 0.037352536050316 -0.00566037551051311 0.999286119287009 32.9963015571448
0.999054470321517 -0.0157324277566861 -0.0405296934046297 -0.65623490080589 0.0160179106907786 0.99984906418204 0.00672869908677558 -0.061733231984184 0.0404177172499248 -0.00737153791137144 0.999155677840609 33.7652626757778
0.998956565156982 -0.0143362117522502 -0.0433618952809859 -0.687105612421572 0.0146694135416801 0.9998651939982 0.00737578045259799 -0.0806474226507525 0.0432503090868461 -0.0080041778801071 0.999032203635276 34.4903398796811
0.998938050163659 -0.0121115055971118 -0.0444531592510453 -0.736657891077733 0.0124258293552293 0.999899664882541 0.00680139196173954 -0.0882522608249326 0.0443663239412777 -0.0073465365958132 0.998988317098846 35.2696959140181
0.998828645740491 -0.00946724873239522 -0.0474521616963413 -0.733245183107454 0.00980807489566252 0.999927713380225 0.00695483148864757 -0.0882960322166845 0.0473828884203764 -0.00741209927303798 0.998849299278579 35.9848047792242
0.998803614555302 -0.00669759770037996 -0.0484404968627249 -0.778436958441708 0.00709318351078752 0.999942848605489 0.00799914185532027 -0.0904763253455122 0.0483841533866832 -0.00833316913203552 0.998794038825458 36.7021348773831
0.99879076295017 -0.0056034265601603 -0.0488427421036328 -0.844579845381521 0.0060723734090983 0.999936833643309 0.00945806558304909 -0.0811633974214117 0.0487866593096675 -0.00974321990810389 0.998761699075022 37.4133975692157
0.998829441035247 -0.00267726542908512 -0.0482967904838267 -0.883872039837887 0.0032345451355703 0.999929052553123 0.0114641867560963 -0.110122644618976 0.0482626712789749 -0.0116069853982384 0.99876723637241 38.08436329604
0.998836281382717 0.00834163314018195 -0.0475026330859779 -0.819810568109168 -0.00790826262347457 0.999925447226946 0.0093037288368914 -0.0345763968892874 0.047576699925747 -0.00891723861668329 0.998827783193694 38.7644756302145
0.998893031216675 0.00307531918694751 -0.0469388389147048 -0.875071211449774 -0.00271481389825577 0.99996634397079 0.00774213867023073 -0.0887983330616022 0.0469610686873718 -0.00760613815215298 0.99886776136291 39.3803251726883
0.998981026764506 0.00389944671747776 -0.0449633459590243 -0.903699503481248 -0.0035748197258185 0.999966979648161 0.00729796391216146 -0.103238402807053 0.0449903192749424 -0.00712979162618824 0.998961979878567 40.0243764892865
0.999182033945473 0.00504336135055072 -0.0401226562789135 -0.951361280780794 -0.00475780719886041 0.999962693673638 0.00720933642024291 -0.0810547048173586 0.0401575187386688 -0.00701254356489426 0.99916875347536 40.6844947549781
0.99924544924283 0.00895776635839138 -0.0377927319648125 -0.970778329842687 -0.00857616506339972 0.999910717345882 0.0102472791339612 -0.0869760770481669 0.0378811504616875 -0.0099154303342047 0.999233057239895 41.3257542281525
0.999318207525278 0.0137024020160419 -0.0342835862688885 -0.983388453576417 -0.0132502616263761 0.999822675588947 0.0133808798287704 -0.0934669922441367 0.0344608571468868 -0.0129174903580448 0.999322564424296 41.9262311382355
0.999324316278435 0.0198095841681726 -0.0309595101660715 -0.994252397199581 -0.0193141157233956 0.999681859787783 0.0162217183141012 -0.105090310285846 0.0312710061952327 -0.0156128020010134 0.999388995629437 42.540378246165
0.999404582324505 0.0233442578270437 -0.0254072126626667 -1.0157482013422 -0.0229417219017093 0.99960842216374 0.0160212276528117 -0.104773062343491 0.0257712674303399 -0.0154288031234796 0.99954879511168 43.1271655032107
0.99944671904864 0.0269371490317303 -0.0195101456927421 -1.03440217140573 -0.0265772809697549 0.999476016216467 0.0184754200037478 -0.107625594029549 0.0199975978348495 -0.0179466712819545 0.999638941353694 43.6587221164029
0.999335731165895 0.0344841876659572 -0.0117871631932931 -1.0371600983356 -0.0342760132214548 0.999260418085546 0.0174290494618179 -0.0096355131317285 0.0123794722330532 -0.0170134549259956 0.999778621005026 44.3067368246288
0.999422892051693 0.0336342265072816 -0.00475622227054263 -1.08274297408061 -0.0335283521010093 0.999220906436829 0.0208189755980547 -0.106605452914891 0.00545274686930118 -0.0206474925068041 0.999771948298591 44.7100880196037
0.999358444787582 0.0357735618430457 0.00171787799550339 -1.04491324211523 -0.0358027441303523 0.999116250470803 0.0220200262919952 -0.12608998870348 -0.000928625049291467 -0.0220674039756702 0.9997560539138 45.1649282067146
0.999213130425739 0.0380839851535323 0.0110783599698359 -1.11261724355201 -0.0383295744888927 0.999003359465979 0.0228720680129299 -0.148870187260957 -0.0101962593286044 -0.0232786995021886 0.999677017063607 45.6809005734471
0.998802758808384 0.0444595387610313 0.0204058425437029 -1.16995650619937 -0.0448734797982768 0.998786472802544 0.0202966144331304 -0.148369986344923 -0.0194787013826816 -0.0211879956534323 0.999585738710109 46.125424154066
0.998404865383567 0.0462243480770882 0.0324196610603688 -1.25859164492218 -0.0467854774915357 0.998764207295091 0.016768342854818 -0.14431058033146 -0.0316044913629377 -0.0182583644134932 0.999333672130903 46.6305371493212
0.998105334330423 0.0463084223437191 0.040512610397134 -1.23710529945248 -0.0469926408909284 0.998765438734093 0.0161024871492222 -0.133432617687403 -0.0397169143218664 -0.0179757728715724 0.999049267206788 47.0020384240924
0.997756222171699 0.0449365536661519 0.0496309103509843 -1.25054310891163 -0.0458813888892301 0.998783548619229 0.0180643616321148 -0.138211483983008 -0.0487587866056326 -0.0203009643167423 0.998604251731664 47.3211095056071
0.997276706911586 0.0459814880578196 0.0576617083303179 -1.24689705599413 -0.0472320130676816 0.998673265104835 0.020514543778074 -0.158235314814601 -0.0566419172800181 -0.0231821552241536 0.99812538334921 47.6435278173476
0.99636612530415 0.0503691829695855 0.0686839846934538 -1.29823118041973 -0.0519406831291916 0.998423240980076 0.0212884312929306 -0.146509330005778 -0.067503405710135 -0.0247785648861539 0.99741130580103 48.0722236341243
0.99546022899289 0.0542294347798954 0.0782182900406067 -1.2902518917657 -0.0559848050005462 0.998222684655371 0.0204248243193001 -0.145516133149293 -0.0769716447951726 -0.0247111360094296 0.996727006584375 48.3429398258992
0.994370105649658 0.0618317210633351 0.0860519102672036 -1.20447238037086 -0.0632824014432601 0.997894189562829 0.0142310963850117 -0.037618996167075 -0.0849907680743209 -0.0195965483463632 0.996189010497027 48.7531123037069
0.993453211012957 0.0582664869615164 0.0982635946076073 -1.25467376266003 -0.0601210507016426 0.998062586868229 0.0160166150115868 -0.0699363015266956 -0.0971399855392992 -0.0218194681663488 0.99503152413296 48.9984147033858
0.992431836246448 0.0560179809698115 0.109275048444597 -1.2842655593468 -0.0578306227476515 0.998235298846545 0.013487298075139 -0.0554789611321043 -0.108326679433656 -0.0197046680970442 0.993920045364849 49.1887668784424
0.991241965004424 0.0550136619172641 0.120053587270943 -1.19659592939755 -0.0566777013860955 0.998337438325614 0.0104879646757479 -0.0692188832962647 -0.119277009435002 -0.0172004720837574 0.992712012005666 49.4374797151332
0.989691395585986 0.0562812688582958 0.131694192274238 -1.10444318472163 -0.0577469408810529 0.998304315533397 0.00733378526250713 -0.0920745029555649 -0.131058125737949 -0.0148631209070171 0.99126326236523 49.6932929353284
0.987424827632826 0.0589277762140719 0.146696035954448 -1.04184421000002 -0.0604041698222688 0.998158145011554 0.0056261723378809 -0.107345328574171 -0.146094305304372 -0.0144164745190108 0.989165617690018 49.9015603005235
0.984858380564911 0.0605493906112492 0.162443040871772 -0.995564343226227 -0.0621883253740459 0.99805181435377 0.00501877000072742 -0.119347516114705 -0.161822688206053 -0.0150448383758273 0.986705158808857 50.1532889587842
0.981830611703829 0.0619019884808414 0.179378911088799 -0.966747660577283 -0.0636075431696276 0.997967882087048 0.00376653350112352 -0.127288768810124 -0.17878123607697 -0.0151079497222126 0.983772849534882 50.4003714273668
0.978394711261869 0.0606004374339495 0.1976648070791 -0.918598958188017 -0.0624527690148219 0.998042965909697 0.00314481168875041 -0.132017123641068 -0.197087393349207 -0.0154215816630583 0.980264624579417 50.6464394843448
0.974546287100655 0.0590372631947215 0.216273289735013 -0.819853672161597 -0.0610012945120826 0.998134774988202 0.00241102200341035 -0.121733746439877 -0.215727551245032 -0.0155426031837641 0.976329888470129 50.9205820637332
0.970330561202893 0.0587651378484395 0.234532003294503 -0.705540935559027 -0.0605392404101019 0.998165751146828 0.000365524359116516 -0.112864391983444 -0.234080333147078 -0.0145530687878236 0.972108330291748 51.1719684572651
0.964988444883072 0.0605740992996431 0.255202037092551 -0.626010855464572 -0.0622803796954622 0.99805771465676 -0.00139732570086348 -0.123572042518147 -0.254791003662099 -0.0145456766141081 0.966886739874272 51.3933223167043
0.958437432796883 0.0613427531093739 0.278630138453618 -0.568473542193431 -0.0628935988314168 0.998014519088271 -0.0033785966079863 -0.127811362180658 -0.278284176049866 -0.0142858786908293 0.960392540074254 51.6157730440149
0.951577483462026 0.0641889224425178 0.300632791298199 -0.373211894590249 -0.0646380245460063 0.997872888239665 -0.00846313765798785 -0.0501518900702428 -0.300536551439036 -0.0113789785084866 0.953702416950505 52.0387378103258
0.94219805522711 0.0713116698781838 0.327379703808036 -0.333040033166345 -0.0726626012215287 0.997323526187604 -0.00811975962971738 -0.118671107897302 -0.327082514222289 -0.0161378391337942 0.944857978237004 52.2401844485019
0.932359088652666 0.0721930381676142 0.354252304222427 -0.237804733580192 -0.0739873616142421 0.997222987280125 -0.00849611449238862 -0.127086936546075 -0.353881901385381 -0.018288763769971 0.935111288024924 52.4444415834553
0.921388278583038 0.0725039959125063 0.38182039058503 -0.0992491466520286 -0.0744491838452481 0.99717765451984 -0.00969764667777538 -0.139284224632564 -0.381445879666515 -0.0194909184757873 0.924185665860712 52.6351074634171
0.908720183960186 0.0714245491733608 0.411249511900925 0.0481007464656157 -0.0734021404412013 0.997241710964271 -0.011004348763299 -0.158929105091261 -0.410901147530664 -0.0201867205963801 0.911456385829595 52.8589096453322
0.89433277783175 0.0668372038345499 0.442381815493498 0.198444247913758 -0.0676627580691941 0.997610932414597 -0.0139348016615761 -0.164234640254682 -0.44225629861678 -0.0174704238774156 0.896718545934748 53.0453827838929
0.877738826879728 0.0666962850188505 0.474474611915625 0.401274386104934 -0.0658445300237908 0.997659626409448 -0.0184327886795986 -0.169520953364657 -0.474593562591977 -0.0150623835180521 0.880076175651296 53.2942876475786
0.859327210829799 0.0679595279617579 0.506890764649243 0.618323498211818 -0.065087949506454 0.997604961757238 -0.0234072447414341 -0.18015270140263 -0.507267487186518 -0.0128779981579107 0.861692435621272 53.5102977132416
0.83596231536516 0.0690455315400672 0.544426048112753 0.761215177000928 -0.0612207804503143 0.997594552020056 -0.0325134713766068 -0.106654456897062 -0.545361369488502 -0.00615015075039599 0.838178472829846 53.8380650907011
0.813071725174917 0.0724939441584763 0.57763223402216 1.05128982201325 -0.0648648823129663 0.997319361351325 -0.0338620512714468 -0.164568967284499 -0.578538604384884 -0.00993577043478648 0.815594484840511 54.0257038613501
0.787378653210139 0.0751441357296431 0.611872711709251 1.3060483508117 -0.0669278947498473 0.99709623723481 -0.0363283717848275 -0.182007329722774 -0.61282584261219 -0.0123471680003258 0.790121531202024 54.2300344520588
0.75952744893503 0.0777935804191647 0.645806637593492 1.62560494347452 -0.0697918418429851 0.996837661069051 -0.037997056287913 -0.216602691302486 -0.646720305175591 -0.0162122274826757 0.762554922975152 54.4677077168857
0.727918907765882 0.0765266749409033 0.681379286256498 1.874642000625 -0.0676873658563821 0.996918212102625 -0.0396547460151956 -0.243693282810491 -0.682314065676759 -0.0172553296286894 0.730855505130156 54.6727936704338
0.692336975109214 0.0721442003224802 0.717958722529683 2.16716358336303 -0.0622116038914616 0.997252355533842 -0.0402176046459243 -0.283609046306104 -0.71888749414486 -0.0168212289097389 0.694922885664367 54.8816263172824
0.646896444242337 0.0741513103247523 0.758964145137136 2.29083607540655 -0.0631319319691651 0.997052235966606 -0.0436027283530849 -0.216333583941453 -0.75996009736858 -0.019708422846958 0.649670861649516 55.1753111104551
0.608331144732956 0.0740659804043759 0.790219873765922 2.68730047869921 -0.0619373346439193 0.997030070827778 -0.0457690336621092 -0.274965747912118 -0.7912629050607 -0.0211013841227235 0.611111893733878 55.3501460670975
0.562879296369932 0.0726944496133352 0.823336149281388 3.04212981906507 -0.0586837695541847 0.997125850827802 -0.0479192320665092 -0.313331859395013 -0.824453220570459 -0.0213437252218746 0.565527481635201 55.5447999510221
0.515328816280746 0.0695852234878798 0.854162811051164 3.42654924139197 -0.0545265097344956 0.997340900989064 -0.0483527346744382 -0.354733191657764 -0.855256143413691 -0.0216569593079102 0.517752745300955 55.7611734259061
0.464103212012443 0.0654514363507296 0.883359676507458 3.80413448955019 -0.0526342774553564 0.997541875126898 -0.0462584068582687 -0.406736516165057 -0.884215947286909 -0.0250263231006664 0.466407377424044 56.0234589580369
0.412649690616286 0.0680794720815526 0.908342126247253 4.23383295821659 -0.052270419840257 0.997329675885239 -0.0510031450830862 -0.313684725399095 -0.909388825554838 -0.0264329922585426 0.41510632478469 56.1701035361429
0.361922864424928 0.0649349863426333 0.929943701390109 4.58214389506418 -0.0567418562439944 0.997255822582338 -0.0475519303037155 -0.440805141001343 -0.930479554829896 -0.0355566009948304 0.364614215533698 56.348453496821
0.312277343041505 0.0630913535014585 0.947893634400133 5.09810690513087 -0.0536763721528036 0.997370064129296 -0.0487011524631488 -0.497860156847358 -0.948473356555392 -0.0356712249870837 0.3148425886256 56.5237713228762
0.266396574398965 0.0585054534852901 0.962086262796106 5.56572965917631 -0.0428302626716363 0.997888704816354 -0.0488231645780733 -0.537102669646213 -0.96291143608744 -0.0282000835534145 0.268339936534995 56.5798790766571
0.223451841241055 0.0524775681881434 0.973301278886985 6.04663494810279 -0.0311247892239459 0.998424569468372 -0.0466864710345665 -0.576056969199299 -0.974217902802934 -0.0198616192430334 0.224733161636856 56.6229577484173
0.182566911314814 0.0524172298334629 0.981795170547073 6.56358809397513 -0.0223620377586078 0.998540896363305 -0.0491530015080467 -0.577718717172222 -0.98293909382029 -0.0129812290078159 0.183472683343312 56.6577975154223
0.141562855880659 0.0595199953963253 0.988138314196415 7.16639829770018 -0.0221587974694881 0.998131244736506 -0.0569473965643621 -0.453296509407814 -0.989681234302044 -0.0138343206835003 0.142617201071989 56.7338069639592
0.112575833285209 0.0570022643491579 0.992006765914028 7.66646059544755 -0.0108061715052824 0.998364354821633 -0.0561412653845909 -0.575951256691907 -0.993584374080802 -0.00439964551451112 0.113007675411042 56.7478207350219
0.085154038578227 0.0542214857903286 0.994891361000038 8.23195843744208 -0.00227167482557183 0.998526150407313 -0.054225145884894 -0.624829379246931 -0.996365208749937 0.00235742050562958 0.0851517079174279 56.7386312642027
0.0618612634942587 0.0518953099104776 0.996734699349927 8.84171940969435 0.00515216783412324 0.998617441674199 -0.052313099226556 -0.666515705167241 -0.998071459989465 0.00837149887260049 0.0615083633429076 56.7385110741374
0.0435989363204278 0.050332469627949 0.997780424368447 9.39492485074594 0.0111359018689569 0.998643573644892 -0.0508626042129516 -0.708806400218146 -0.99898704918597 0.0133287403347048 0.042979300131549 56.7409886319813
0.0276481509052756 0.0502127230958057 0.998355779364663 9.97408650033381 0.0131445708568962 0.9986329669852 -0.0505906859740417 -0.773781960022435 -0.999531290159796 0.0145216972024624 0.0269503302735394 56.7450424772711
0.0052057130940251 0.0562076834987314 0.998405527261788 10.5194173639686 0.0123170604094014 0.998339711582419 -0.0562681997259838 -0.650659516501403 -0.999910591290068 0.0125903372964544 0.00450475667574338 56.8442090041066
-0.00158386391714966 0.0471736367908883 0.998885448571063 10.9954147855903 0.0114368378359807 0.998822225892208 -0.0471525164126766 -0.826010320411647 -0.999933342836114 0.0113494077226792 -0.0021215157173486 56.7447895370398
-0.0116996820928504 0.0500346397138428 0.998678953551957 11.6291570381948 0.0172955085433023 0.998608025856433 -0.0498284665562432 -0.840404184074433 -0.999781967642523 0.0166896831552919 -0.012548770976521 56.7410551538631
-0.0193547890189832 0.0521873996531072 0.998449732064403 12.2474433446422 0.022793310666549 0.998400285455114 -0.0517429704598235 -0.853634197141265 -0.999552828584307 0.0217565006514112 -0.0205133504946489 56.7551555324912
-0.0223289297130663 0.0520821135495295 0.998393145181838 12.8618499618128 0.0233487804585216 0.998396909414993 -0.0515601175492159 -0.871989843719911 -0.999477990427488 0.0221599801173897 -0.0235091882511538 56.7054453802604
-0.0258717840686779 0.0496231188594071 0.998432870484425 13.5972668898249 0.0198238342897401 0.998596255379827 -0.0491175562853022 -0.899628623222473 -0.999468692047508 0.0185220089637183 -0.0268191871761861 56.6865324725685
-0.0270422938846366 0.0420797005625854 0.998748223098304 14.2470159854946 0.018863421984311 0.998957187063246 -0.0415777551790519 -0.92612223860646 -0.999456295018696 0.0177154513137687 -0.0278078609794198 56.6562133992867
-0.0339362137659049 0.046779693183952 0.998328600061548 15.373325330861 0.0176302557413284 0.998776554983846 -0.0462013776536503 -0.856997508881991 -0.999268486182633 0.0160328887046338 -0.0347194326286398 56.7033034955621
-0.0303802619263085 0.0384702278036547 0.998797818008241 15.7805801010244 0.0212592843239936 0.99905788680232 -0.0378336047465039 -0.941296293733422 -0.999312304795313 0.0200843319734064 -0.0311694897914855 56.6456540568393
-0.0303440995110697 0.0414637708864916 0.998679123306748 16.4902063573196 0.0240697256791381 0.998879791867206 -0.0407407622051784 -0.960607642332694 -0.999249660460584 0.0228016907969648 -0.0313081293948755 56.6265563062202
-0.0282478729313748 0.0484415060808677 0.998426501132392 17.2126815824966 0.0246816717572619 0.998554359715186 -0.0477494059969522 -1.00239832241572 -0.999296188701888 0.0232940160215506 -0.0294026540208202 56.5768460340364
-0.0276435125322745 0.05701250727296 0.997990686444182 17.8921722688237 0.0262269249671381 0.998069897512212 -0.0562905683639036 -1.01128010301838 -0.999273728575732 0.0246181578192578 -0.0290854204704011 56.5975809025087
-0.0268549505763415 0.0571249984521589 0.998005784643247 18.4695450510332 0.0270613204486719 0.998041508879874 -0.0563988607008866 -1.03731767873702 -0.999272984006431 0.0254927657311749 -0.02834823328285 56.5745060459663
-0.0255146795884878 0.0535385400831717 0.998239763709731 19.2380461906928 0.0269876543961145 0.998237791257105 -0.0528486387367894 -1.05960082069275 -0.999310095833967 0.0255917336634003 -0.0269145970136819 56.5954882784628
-0.024088051853276 0.0519531157755097 0.99835897327521 20.642003287092 0.0289531411051509 0.998266088144412 -0.0512497110333192 -1.08592155047132 -0.99929048898609 0.0276711225299947 -0.0255504911864902 56.5370758403335
-0.0175856363971658 0.0431904658035571 0.998912072735223 21.070774496308 0.0244257542000031 0.998786958555014 -0.0427550459265917 -1.14878064017107 -0.99954696134012 0.023647306064237 -0.0186192639928809 56.5894671574226
-0.0166799965019093 0.0500163938413958 0.998609101732905 21.6537001543605 0.0339626059451927 0.998200056503851 -0.049428621193802 -1.14125774014366 -0.999283903159712 0.0330908981868307 -0.0183486605255247 56.576619428545
-0.0131512419233941 0.0538046764677615 0.998464872504823 22.3735819851541 0.0336712191738159 0.998008745620304 -0.0533365977986664 -1.19137672738242 -0.999346433342923 0.032918087058445 -0.0149367235092379 56.5548861658702
-0.00956534782140432 0.0535649004764731 0.998518555440008 23.1172108396043 0.0279018228202726 0.998189727778167 -0.053279974112754 -1.24384397757089 -0.999564901546849 0.0273508463323378 -0.0110425903004311 56.5417551236931
-0.00479643242239097 0.0490607689110518 0.998784278605683 23.9649608242648 0.0236046118373493 0.998523023850271 -0.0489345802160388 -1.29494862351251 -0.999709866179196 0.0233412037986098 -0.00594740861268656 56.5568908546141
-0.00451058468139066 0.0550798288856424 0.998471765787977 25.5343437000655 0.0259870830201269 0.998151164059236 -0.0549447468216667 -1.35541617793194 -0.999652102554652 0.0256995357374481 -0.0059336094363034 56.4756576644889
0.000864486896631129 0.0543622106732736 0.998520907499247 25.6524702828211 0.0342418532095558 0.997934113920941 -0.0543599095069262 -1.36977740051275 -0.999413201909591 0.0342381997707325 -0.000998761872835402 56.5278996858693
0.00390711304989069 0.059455863775129 0.998223289014221 26.4933224555053 0.0344892945760387 0.997629007023165 -0.0595554607539909 -1.40611100495207 -0.99939742996831 0.0346607069853778 0.00184725851227643 56.5505338845689
0.00821846405280686 0.0608626428756149 0.998112316100151 27.2611343930222 0.0313659758276658 0.997639181159385 -0.061092059844222 -1.44515884218095 -0.999474177960087 0.0318088496778346 0.00629004556278563 56.5697906128397
0.0108119312650505 0.0601672499693475 0.99812975317513 28.1071522470973 0.031194785383006 0.997681951826869 -0.060478164355723 -1.49862136500697 -0.999454845156712 0.0317903291907415 0.00890996423765396 56.6236477355902
0.0161452517382953 0.0562488291668809 0.998286231530648 28.7812112410442 0.0356021317927189 0.997750909649717 -0.0567944584002406 -1.55580194301973 -0.999235617388672 0.0364580788100229 0.0141063613792224 56.6086521844019
0.016449392173607 0.0585474331776106 0.998149094857794 30.289050539592 0.0346736827848611 0.997650317206874 -0.0590895955237287 -1.61667380066782 -0.99926330525005 0.035581493017245 0.014380686193991 56.5183854660636
0.0214710251162728 0.0584348958842736 0.998060297789392 30.8580284539405 0.0417950881041846 0.997365264887381 -0.0592933302023747 -1.64734371452283 -0.998895472855303 0.042987106661399 0.0189721630306529 56.5773552746376
0.0236440288265442 0.0578136110405978 0.998047366751346 31.5747058931213 0.0419446891584664 0.997390005233496 -0.0587692139791453 -1.69823045558304 -0.998840128825554 0.0432523275532474 0.0211573440908215 56.6218589811003
0.0265681271216072 0.0549490263702172 0.998135631626392 32.302368084996 0.0434368448514157 0.997481570833498 -0.0560692104179459 -1.75522796588284 -0.998702846261391 0.0448455164816176 0.0241144048421853 56.6598283044569
0.0298067804201675 0.0533458590101918 0.998131141267243 33.0473687324602 0.0462071552540018 0.99743374320876 -0.0546884513576196 -1.80785316047834 -0.998487082863027 0.047750887269525 0.0272653281780471 56.7032180016378
0.0333343163658467 0.057033183482702 0.997815633939582 34.0200655958056 0.0422805925022205 0.99739623893202 -0.0584216917071285 -1.8048581060285 -0.998549535501411 0.0441356833649377 0.0308361249807291 56.6107587156241
0.0362771978363182 0.058856890551042 0.99760705257722 34.844940911817 0.0345477792621274 0.99759357981382 -0.0601123985738663 -1.8567864211145 -0.998744419691645 0.0366458176182591 0.0341565247923342 56.7071348810747
0.0369251837905594 0.0587964779195651 0.997586840824541 35.6550153812101 0.0353856560362642 0.997564659535296 -0.0601049531495775 -1.90320798616633 -0.99869133677474 0.0375196512574918 0.034754706452502 56.7770600071729
0.0395702216586401 0.0584888293270188 0.997503510972187 36.4069996688546 0.0328109376963157 0.99767097500658 -0.0598002340874112 -1.93984538254368 -0.998677946049363 0.0350953340684421 0.0375589882884226 56.8108614007203
0.0418449033832732 0.0591514767363793 0.997371599184953 37.195858093277 0.0310100830277167 0.997688126979357 -0.0604712827301984 -1.97544831068292 -0.998642768366877 0.0334589910835197 0.0399138710752829 56.8524075858724
0.0445150570754382 0.0599807881977225 0.997206455424728 37.9836343579528 0.0290995228915724 0.997694545878873 -0.0613091419857789 -2.02248798210785 -0.998584812352488 0.0317474120319988 0.0426670173344373 56.9047392947118
0.0499964090267072 0.0611014498378742 0.996878614432141 38.9939930421042 0.0317315743702708 0.997525806345389 -0.0627325502667128 -2.07675259414564 -0.998245193463219 0.034768930134409 0.0479338630290781 56.861298875735
0.0523653553261547 0.0636755708926569 0.996595851503035 39.8920926773785 0.0289322406705334 0.997449407225271 -0.0652503293151704 -2.13936534961764 -0.998208793294944 0.0322506077066785 0.0503895156873138 56.9560939192112
0.0569529630663189 0.0657678586368182 0.996208285835996 40.6204045830453 0.0272413496575812 0.99735401461796 -0.0674008782900607 -2.19335155450973 -0.998005144709585 0.0309767379781292 0.0550106611252256 56.9662200327051
0.059846538992006 0.0670542360493769 0.995952870972574 41.4200168575298 0.0219482912803802 0.997411625849029 -0.068471316119004 -2.26347802384136 -0.997966264099418 0.0259572350035869 0.0582199078530589 57.0411622133876
0.0632834575054038 0.064605530108256 0.9959022690433 42.1698496260589 0.0177422923766037 0.997671932884589 -0.0658477440429943 -2.33117267777475 -0.997837870130907 0.0218366621478608 0.0619898791647098 57.095617533671
0.0692642652368003 0.0630189974434262 0.995605879614234 42.885457484762 0.0201888851911053 0.997709797577298 -0.064556709434481 -2.39379350576027 -0.997394039723492 0.0245716458442061 0.0678333527445043 57.1369855980829
0.0706652501122472 0.0682735413749339 0.995160864370529 43.6315490397649 0.0231175073960834 0.997274866920064 -0.0700601217623901 -2.40900882342074 -0.997232171201053 0.0279564546696123 0.0688943638038725 57.2082300367384
0.0747689790945842 0.065323366983486 0.995059022114314 44.6910107706163 0.013400947244167 0.997696199648281 -0.0665034421690801 -2.53608331060681 -0.997110833547662 0.0183071279374442 0.0737213312994914 57.2846578123178
0.0814018898050973 0.0626004537333053 0.994713484139299 45.438938633596 0.0135859944828428 0.997863152879689 -0.0639104755022076 -2.5837424939418 -0.996588758259931 0.0187166053917479 0.0803774569922352 57.3297828775204
0.0885883834712389 0.0625150668180609 0.994104604523431 46.1689219428179 0.0123931375581463 0.997882103033631 -0.0638570167377303 -2.64098460350891 -0.995991219065418 0.0179770649971368 0.0876260045800967 57.3500011166773
0.0947969346888299 0.0661989818595324 0.993293126913885 46.8977345350623 0.00751183235299864 0.997710553701052 -0.0672102924278751 -2.68403968104441 -0.995468288569908 0.0138327811484653 0.094082626543887 57.4272319292712
0.0943389186997152 0.0779355262679373 0.992484872511369 47.6072500899591 0.011993285367802 0.996769730489228 -0.0794119983788274 -2.68317238676597 -0.995467894773435 0.0193947963580976 0.0930994755601392 57.5729785366979
0.105674168172586 0.0810717270382192 0.991090482880384 48.5722081760015 0.00595390172711199 0.996601584378962 -0.082157367701057 -2.78524437706365 -0.99438298518994 0.0145827668288043 0.104832350333096 57.6449454470885
0.113152623171817 0.083963369032242 0.990023553522891 49.4374145966955 0.00125074142667299 0.99641013548557 -0.0846479624533915 -2.85668343827046 -0.993576831208951 0.0108164024695238 0.112641404121206 57.740202011802
0.11670414155841 0.0802013571223419 0.989923171594063 50.2273307717812 -0.00155728539705874 0.996747682052626 -0.0805706719899375 -2.95273481205666 -0.993165503934418 0.00786133821003636 0.116449478986557 57.9330084958317
0.123434225799483 0.0774212921262903 0.989328022157857 51.0033780627781 -0.00253477020900918 0.996973303106787 -0.0777033321829314 -3.04163629315619 -0.992349518486944 0.00708353145253647 0.123256872996564 58.0510849224007
0.130754477400218 0.0787717498819968 0.988280465283173 51.7923621416382 0.00629112671710826 0.996752549079674 -0.0802793723680129 -3.02477229525087 -0.991394819617505 0.0167142850191362 0.129834295592012 58.1698847118826
0.136917405142668 0.0709377658538837 0.988039198384689 52.7337944106451 -0.00124681189815886 0.997444103309008 -0.0714402284023475 -3.15717315011873 -0.990581682461921 0.00854951166725562 0.136655904450421 58.3056846745792
0.141766463118912 0.0617884763833729 0.987969864986263 53.5427165999784 -0.00308134967790922 0.998072748829602 -0.0619781681552884 -3.23214739907718 -0.989895335486998 0.005742145064705 0.141683635438745 58.4867164299708
0.149246339733361 0.0584570970483907 0.98707056377995 54.391511057566 -0.000975317606283988 0.998259146127106 -0.0589722471095363 -3.30215947021743 -0.988799564538618 0.00783868472745031 0.149043537900784 58.6429403038296
0.155617591708432 0.0601935931989268 0.985981691761399 55.1619133449387 -0.00218887891833008 0.998160240123057 -0.0605916153156683 -3.36279500818441 -0.987814949249073 0.00727092671419209 0.155463049194232 58.7757049933558
0.164699532311505 0.0683994935944123 0.983969294913413 55.8891861236547 0.00525534018437561 0.997517619153109 -0.0702209433051071 -3.31361542688022 -0.986329785343583 0.0167364498965741 0.163931222739725 58.841662058355
0.167471373889272 0.0710716149666404 0.983311834808101 56.8609836490783 -0.00214642629691215 0.99742207075866 -0.0717259061822 -3.4415203552591 -0.985874602463108 0.009901429671489 0.167192194520764 59.0852444318613
0.173245853732049 0.0739362521707534 0.982099437317625 57.6510532071452 -0.00508351049710455 0.997232005247338 -0.0741787411014731 -3.51612312164581 -0.984865489336325 0.00785864653208873 0.173142165832025 59.2334725372985
0.177937718213862 0.0719487415160491 0.981407941190156 58.3544256490645 -0.00654629503612973 0.997387957136091 -0.071933364867732 -3.58986109652219 -0.984019976656035 0.00637507287417804 0.177943934956224 59.40562491038
0.182860579202522 0.068647861955151 0.980739251596827 59.0587859200509 -0.00282456652324992 0.997591808787968 -0.0693008287331896 -3.6504156493675 -0.98313479767409 0.00990222642326826 0.182614116415431 59.5511998550394
0.186833141630156 0.0623202680315358 0.980412954515129 59.7865999845653 -0.00204086598651936 0.998008295197796 -0.0630498023978949 -3.67440824475455 -0.98238954191025 0.00977890120954635 0.186588212480056 59.7241433465705
0.193105004335104 0.0623700186497188 0.979193769421749 60.7279163447784 -0.0034200255070545 0.998014331106896 -0.0628943425976113 -3.66151587135928 -0.981172136134262 0.00879634463219401 0.192934868789551 59.7668735760097
0.194379482965442 0.053439583762646 0.979469666446778 61.4642835355491 -0.00704465066646677 0.998565233775109 -0.0530833946978555 -3.78524171008462 -0.980901110968417 0.00341830117690135 0.19447705704784 60.0587712805082
0.198229101437877 0.0529544920177634 0.978724192568199 62.2056902501565 -0.00814847302480032 0.998594023340378 -0.0523791841883944 -3.83360504453745 -0.980121842288241 0.00240797093385307 0.198381894197747 60.2034520129902
0.201800436775509 0.0554954865274101 0.977853176449461 62.9296918313546 -0.00863813393016936 0.998455478480662 -0.0548820565773175 -3.87380443686156 -0.979388567607065 0.00262839628622892 0.201968129103442 60.3595722367092
0.203406061778449 0.059313258165197 0.977296225019626 63.6530328646598 -0.0150453245665986 0.998234858117618 -0.0574526435212938 -3.92916754436847 -0.978978861998801 -0.00301752294570433 0.203939408439871 60.5170515249499
