0.999999975194801 -0.000142142375262414 -0.000171481611104368 0.00169530903215184 0.000142122116295625 0.999999982921277 -0.000118147155350262 0.000952593012519641 0.000171498401892973 0.000118122781090122 0.999999978317653 -0.00215476596783456
0.999998359916597 0.00106763314621966 0.00146298447727054 -0.00953728053718805 -0.00106080667038544 0.999988584192853 -0.00465898842908415 -0.00122955325059593 -0.00146794186659663 0.0046574288442624 0.999988076680536 0.996785879135132
0.999995191118733 -0.00219755066862654 0.0021882665439989 0.00169496670608846 0.00220927249268062 0.99998314773213 -0.0053687397770249 0.00028555572967904 -0.00217643158905825 0.00537354843647507 0.999983193920147 1.82008930615443
0.999992631407599 -0.00308630661150264 0.00228294590527608 -0.00479503655766408 0.0030901150550752 0.999993836843313 -0.00166657263173884 0.000455064781457993 -0.00227778828099087 0.00167361491695623 0.99999600533885 2.911867254052
0.999981292720012 -0.00577760791654046 0.00200834677680319 0.0276044318845949 0.00576559719380683 0.999965762602012 0.00593561393413823 -0.0118504149961088 -0.0020425716662907 -0.00592392357640594 0.999980367322504 3.75860148621275
0.999955228705064 -0.00943167765382127 0.000764226430266011 0.0204847312612785 0.00942712049909938 0.999938962088606 0.00576207395455423 -0.00425791399714018 -0.00081852580763771 -0.00575461152439506 0.999983107088168 4.76207788758019
0.999928055589593 -0.0119900956701485 -0.000348210621209973 0.0193776317635641 0.0119910247545793 0.999924180879495 0.00280139568912583 -0.00123205159891828 0.000314595217864362 -0.0028053695465434 0.99999601545784 5.78176271937643
0.999916331283972 -0.0128143164721601 -0.0017674062782769 0.0299138657537372 0.0128138951481367 0.999917867546575 -0.000249503994841382 -0.00597834825038868 0.00177045834001403 0.000226835760428491 0.999998407010133 6.72100558391428
0.999931435727141 -0.0114901337288272 -0.00225846663753249 -0.00849436229573564 0.0114847812387259 0.999931241887336 -0.00236881775340463 0.00411790065852226 0.00228552938239482 0.00234271734187081 0.999994644001106 7.68481928223674
0.999939949262924 -0.010918177868078 -0.000944065729369592 -0.0142403857735157 0.0109165677660623 0.999938977331757 -0.00169415493090229 -0.00504075129800074 0.000962505204831462 0.00168374723813969 0.999998119287716 8.57468735946062
0.999941279209455 -0.0107148724870996 -0.00162161664510465 -0.024184881865306 0.0107169527093467 0.999941753076292 0.00127960124133072 -0.00623290405764523 0.00160781142678845 -0.00129690489103252 0.999997866487784 9.52913550641072
0.999939984915093 -0.0107460072743847 -0.00213304844332553 -0.0428276889087941 0.0107512625742326 0.999939158388987 0.00246776688200985 -0.000202410676711959 0.00210640002435631 -0.00249055174266865 0.999994680101327 10.4984153339516
0.999926521937971 -0.0118896662369768 -0.00236359087113748 -0.0580028964128508 0.0118985685697275 0.999922031661591 0.00378875490736522 -0.00541860898037566 0.0023183595545823 -0.00381659986504813 0.999990029337516 11.4286618611742
0.999899303635156 -0.0127480356310989 -0.0062345952136056 -0.0489006660116713 0.0127760848838236 0.999908346308477 0.0044800265275036 0.0134828454137281 0.00617691225213824 -0.00455922912278318 0.999970529158152 12.3780983996109
0.99988180404076 -0.012578964005209 -0.00884011384262409 -0.0622518388632454 0.0126103583308564 0.999914344562805 0.00350462555810995 0.00107247145619438 0.00879527208006085 -0.00361568832877139 0.999954783971229 13.2873790459475
0.999857817787297 -0.0129855191811466 -0.0107573463837743 -0.0677391522494992 0.0130102738193292 0.999912866305178 0.00223440652284931 -0.00558816572960193 0.0107273941276765 -0.00237404485200809 0.999939641641569 14.2375713549135
0.99981444587642 -0.0145261281397963 -0.0126516962536336 -0.0709593903218018 0.014546190612814 0.999893080680362 0.00149517430118443 -0.0107585091062831 0.0126286244493876 -0.00167893085070815 0.99991884622489 15.1603882349141
0.999832554283086 -0.0144164635772249 -0.011270713095733 -0.0971937219887563 0.0144067497023648 0.999895773113702 -0.000942588121278342 0.0205639337568358 0.0112831271717194 0.00078005594639723 0.999936039231484 16.0713693749972
0.999836043698866 -0.0128623641601078 -0.0127454034385937 -0.107937716573284 0.0128433441395059 0.999916283530596 -0.00157303581499264 -0.00401981553920369 0.012764569397906 0.00140908430330016 0.99991753672466 16.9936814672747
0.999822661938881 -0.0116737867914162 -0.0147772587240705 -0.133920228783573 0.0116466613499309 0.99993033133663 -0.0019203521597138 0.015331309500369 0.0147986469938839 0.00174790588014557 0.999888966271848 17.896618568766
0.999795744608997 -0.0120769676023776 -0.0162054285741954 -0.15101672680694 0.012061957243522 0.999926727948875 -0.00102368008257615 0.0170571348282009 0.0162166041203968 0.000828001803825723 0.999868159390935 18.8080385025797
0.99977244333493 -0.0117845039184959 -0.0177816482784806 -0.173145566684702 0.0118014150468385 0.999930002648742 0.000846407572341039 0.00127193786309976 0.0177704291168472 -0.00105606357820784 0.999841535733899 19.732471351797
0.999755450546032 -0.0112447824281748 -0.0190419004209956 -0.196102725126516 0.0112575239716966 0.999936474098605 0.000562068747586936 0.0135153341854164 0.0190343704263308 -0.00077629594443764 0.999818528587603 20.6160655119529
0.999720288074653 -0.0123427595416952 -0.0201742880624982 -0.21508717102699 0.012359328147524 0.999923377808807 0.000696792055042671 0.0149750525488526 0.0201641419275552 -0.000945937800302479 0.999796235531022 21.5086538334463
0.999680653896013 -0.0128254690788083 -0.0217737816868746 -0.248104654034877 0.0128496475224432 0.999916968521608 0.000970886762976101 0.00263628415343687 0.0217595216994334 -0.0012503621339779 0.999762451690373 22.4129429544218
0.999690493530506 -0.0121932407615729 -0.0216850645482787 -0.294107749784164 0.0122315415781986 0.999923856055593 0.00163446674291471 -0.00138666630652115 0.0216634839154161 -0.0018992026335318 0.999763515284491 23.2939094653853
0.999633568778533 -0.0119462767874495 -0.0242902170021638 -0.286112874428052 0.0120131884619677 0.999924431137719 0.00261061618906341 0.0173407845396578 0.02425719427452 -0.00290146253241356 0.999701540481508 24.1600631943263
0.999611247034534 -0.0132040191324278 -0.0245562350700352 -0.327057577463322 0.0133430983650744 0.999895803681449 0.0055084940092209 0.0112338154462085 0.0244809421404548 -0.00583400882585493 0.999683273748709 25.0311805922872
0.999589180971105 -0.0130213391126227 -0.025532606863161 -0.335854219497475 0.0132015683144679 0.999889027659576 0.00690296747965239 0.0200276444276819 0.0254398875695844 -0.00723720206300638 0.999650156318072 25.8877705383627
0.999577516344005 -0.0124823547471483 -0.0262484216576192 -0.362629716595509 0.0126387827278825 0.999903293847848 0.00580207922914132 0.0217607990413202 0.0261734596625514 -0.00613137604377672 0.999638612818204 26.733560110135
0.999572203284935 -0.0108096572372825 -0.0271764922407762 -0.38994887136842 0.0108996526983532 0.999935586314432 0.00316556362576765 0.025401080489241 0.0271405230449928 -0.00346042373503117 0.999625638665005 27.5648695255829
0.999558100775855 -0.0101663588312612 -0.0279329254013865 -0.421980210989551 0.0102310464730332 0.999945298483413 0.00217387418779142 0.0160178256855429 0.0279092970429572 -0.0024586966123838 0.99960743592149 28.375153305711
0.999528483064431 -0.00892021083938408 -0.0293809697167976 -0.443651293886654 0.00898342948500589 0.99995760711484 0.00202038804457547 0.0166527093416236 0.0293617018853875 -0.00228337726704798 0.999566244253301 29.2005878355271
0.999514988463256 -0.00968838867345724 -0.0295959957123967 -0.476526603366629 0.00970633280230994 0.999952785394455 0.000462693637570913 0.0269882120715404 0.0295901155933359 -0.000749737809818974 0.999561835482122 30.0016892975149
0.999436797318682 -0.00921626179960566 -0.0322668356647546 -0.501801139790914 0.00922984002297708 0.999957367157073 0.000271884986032574 0.0185232606015899 0.0322629542746073 -0.000569549590912807 0.999479253108707 30.7889652828759
0.999371225301153 -0.00883398134411843 -0.034338241272434 -0.534285205272343 0.00883584725325446 0.999960958394991 -9.74119560422436e-05 0.0234397392718457 0.0343377611877839 -0.000206056748959706 0.999410263954312 31.5859567452849
0.999294392408317 -0.00965859519216884 -0.0362964025794182 -0.562562422814867 0.00971225839748118 0.999951986690199 0.00130244045741078 0.0215478812270262 0.0362820801238565 -0.00165404148628662 0.999340219749334 32.3851968380745
0.999246506117838 -0.0102822866014755 -0.0374258546133503 -0.618101449796311 0.0104377240729521 0.999937683467009 0.00396018923889332 0.016579019998931 0.0373828025630962 -0.00434784600417818 0.999291560210358 33.1424327820824
0.999162677330207 -0.00855779920195782 -0.0400088528097403 -0.634357547984217 0.00875529166797756 0.999950325210309 0.00476360993421601 0.0254282272743809 0.0399660993610977 -0.00510991043127849 0.999187970162393 33.9020350037284
0.999101249188 -0.00707696465137629 -0.0417924687270378 -0.681727632735732 0.00731404035998484 0.999958002453665 0.00552251233480166 0.0184419896418886 0.0417516309213158 -0.00582322077536943 0.999111050592081 34.6345759867668
0.999060756391671 -0.00445563009009922 -0.0431016519242892 -0.745489567117329 0.00467983562993333 0.999976032636357 0.00510228295248601 0.0134544835414537 0.0430778850058727 -0.00529919931221927 0.999057663155671 35.4057482000682
0.998955003507597 -0.00287369730599909 -0.0456140639598159 -0.754044440251567 0.00306491007639639 0.999986805221431 0.00412258526412428 0.0218613637721573 0.045601615030175 -0.00425808018123947 0.998950630141355 36.1037348569588
0.998870218236739 -0.00192224039106384 -0.047482545335823 -0.799842777649559 0.00217657818215518 0.999983557881454 0.00530532507635319 0.0216389157644982 0.0474715665120342 -0.0054026806890449 0.998857978600695 36.8475866009025
0.998837375755129 -0.000964329384911971 -0.0481971665499566 -0.837129569382135 0.00130865646888446 0.999973845335549 0.00711309096541389 0.0297256521764811 0.0481890466066024 -0.00716789464718903 0.998812513474613 37.516555005018
0.998837169813637 0.00165677559281693 -0.0481826036378082 -0.877600780644826 -0.00128460829018768 0.999969111833781 0.00775404152036454 0.0316722646653929 0.0481939620722748 -0.00768312911474239 0.998808445872772 38.2288764990534
0.998883764448654 0.00472560346294995 -0.0469988701225566 -0.922025019392542 -0.00447291616028572 0.999974980054439 0.00548017209110589 0.031748594797006 0.047023591333596 -0.00526383292250396 0.998879909659342 38.8993744426058
0.998937924697215 0.00634908859026069 -0.0456367360324266 -0.942905772445183 -0.00624214250473873 0.999977428593588 0.00248555030257182 0.0297445847460175 0.0456514869261769 -0.00219803945121608 0.998955009179092 39.5867528076827
0.999040873881755 0.00689940457612926 -0.0432403807808702 -0.991123221376276 -0.00687968079331876 0.999976151737064 0.000604937446381379 0.0391383784206523 0.0432435232810857 -0.000306877217922707 0.999064514193459 40.2294092444264
0.999137030585985 0.00832243483538038 -0.0406931344360548 -1.00566554764557 -0.00827031692157728 0.999964750605817 0.00144893197296506 0.0424772959373404 0.0407037586696444 -0.00111113647067088 0.999170640784599 40.9225368343951
0.999230387316316 0.0129018574080716 -0.0370428824351797 -1.05127217441621 -0.0127543633144418 0.999909774765802 0.00421527510921663 0.0404526592368066 0.0370939251108315 -0.00373957259923493 0.999304786497416 41.5363051579416
0.99930638283624 0.0173739746837773 -0.0329377932842657 -1.0848739145352 -0.017114334391238 0.999820335604099 0.00814837841858548 0.03245250918093 0.0330734452558913 -0.00757901815508114 0.999424187071091 42.1801158524435
0.999339493257114 0.0225126125885582 -0.0285264700068549 -1.11576077436915 -0.0222598078556508 0.999710357010079 0.00914893660546187 0.0375248341465014 0.0287241739801862 -0.00850789992999116 0.999551168008891 42.8138679449451
0.999389627578489 0.0259695697495215 -0.0233656529023486 -1.13380781256689 -0.025767882152837 0.99962840598269 0.00889191778327532 0.0475809287401552 0.0235878896445993 -0.00828440701147426 0.999687441184785 43.3948028087546
0.999272928349662 0.0325573474696558 -0.0198402064815846 -1.13453397645941 -0.0323256666666927 0.999406683345739 0.0118883370755906 0.0505545228795367 0.0202154876776615 -0.0112383455014112 0.999732481040976 43.9875562997385
0.999337792172621 0.0347992586655186 -0.0106296157917874 -1.17256676057048 -0.0346690131835289 0.999324369119277 0.0122010167297698 0.0506323109945891 0.0110470204322698 -0.0118244188309681 0.999869064657407 44.5532147439441
0.99926481400369 0.0381937898561967 -0.00332654634590647 -1.19049695057034 -0.0381517086510742 0.999201002202578 0.0119081620902641 0.052763008514806 0.00377870628315214 -0.0117724939492502 0.999923561961133 45.1165875848001
0.999122183742864 0.0417426940440033 0.00352270447812326 -1.17902376192505 -0.0417824744686115 0.99905350151456 0.0120965258970091 0.0535555976231911 -0.00301442866415585 -0.0122330946798395 0.999920629157326 45.6333291378175
0.998887702171826 0.0458777317624594 0.0108900035914171 -1.17275885097726 -0.0460009395174382 0.998876954242866 0.0113465345373854 0.0623587551758724 -0.0103572203511489 -0.0118348642082157 0.999876324340051 46.1170664623164
0.99857076066165 0.0501847260258095 0.0183828513927454 -1.17135558358779 -0.0503511717270299 0.998693628950486 0.00870603235835248 0.0657794520691468 -0.0179219267192026 -0.00961918746173356 0.99979311648723 46.5961185948203
0.998283668965852 0.051946526279329 0.0270420909618339 -1.17513872825411 -0.0521103724218567 0.998626788792582 0.00538941479850318 0.0692238255561429 -0.0267249950819925 -0.0067893382097155 0.999619767473884 47.0800318949747
0.998032627720083 0.0525975888687391 0.0341228318189042 -1.14581009026165 -0.052810550544392 0.99859011357569 0.00536943387039404 0.0686404909543758 -0.0337923032263909 -0.0071609157295286 0.999403222692708 47.4838233619104
0.997759573012716 0.0516138747397231 0.0425657420449225 -1.12717974262938 -0.0519630751737197 0.998623497629336 0.00713784288437698 0.0618355240085158 -0.0421387384715425 -0.0093336979222533 0.999068170248218 47.8644502775233
0.997254424512915 0.0534746287065265 0.0512257442514334 -1.12394008384511 -0.0539802695251168 0.998505502061731 0.00853773122359874 0.0493587727453227 -0.0506926354750853 -0.011279469719353 0.998650604701885 48.2444514546723
0.996759763463625 0.0564012822468153 0.0573486643336402 -1.07032678053745 -0.0569549768632601 0.998344169349968 0.00806536641618247 0.0710500233301556 -0.0567988076498351 -0.0113055245715029 0.99832163182199 48.6649845711931
0.995817991901253 0.0618791647123059 0.0672123201523672 -1.05835104744767 -0.0625083221150159 0.99801777173653 0.00729636652159648 0.0632092935809629 -0.0666275969259165 -0.0114671824158935 0.997712016092479 48.9344824357034
0.994952494660249 0.0657512460649649 0.0758043996760802 -1.01945560481099 -0.0665207150875191 0.997755578319017 0.00766814172593713 0.0557338346239607 -0.0751300727644502 -0.0126719996128625 0.997093221615823 49.2564009751122
0.994243524447563 0.0651558334452919 0.085056048945025 -0.987277365860438 -0.0660935987703857 0.997779294047138 0.00825327646301627 0.0529459844925886 -0.0843294153642036 -0.0138274270507962 0.99634198544751 49.5570302500102
0.993293159245049 0.0642625423179169 0.0961198494163787 -0.977101970865704 -0.0650972002610916 0.997863383505337 0.00556977355443679 0.0663349589299266 -0.095556550351908 -0.01178955105669 0.995354184283527 49.862926998945
0.992153408270462 0.0623091958315336 0.108393627912958 -0.932860188235128 -0.0628587671477319 0.998021056114227 0.00165739111555938 0.0572014640101541 -0.108075852298154 -0.00845787606141795 0.994106671581354 50.1241301181115
0.99059619310166 0.0631947350944703 0.121349114825116 -0.890165193335087 -0.0633367609824824 0.997988585504241 -0.0026903366874936 0.0670798681929153 -0.12127504657079 -0.00502082260032128 0.992606243391441 50.3999492538937
0.988416692579921 0.0659595259162373 0.136681318292863 -0.843950174974924 -0.0658768838139264 0.997814556979041 -0.00513284128794938 0.0660980093180408 -0.136721168837661 -0.00393075331534067 0.990601772242528 50.6599454833326
0.985921577452746 0.0668191503299701 0.153277018049905 -0.81198996067282 -0.0667229177467056 0.997754815690469 -0.00577754392835934 0.0485300072113965 -0.153318933470255 -0.00453088464415354 0.988166370467992 50.933470110486
0.983037048294705 0.0676247132592183 0.17048477890018 -0.769653322011327 -0.0674867988531138 0.997698265862476 -0.00661076966528342 0.0336572813223601 -0.170539419667694 -0.00500684048243761 0.985338133783418 51.1630086169986
0.979946950354689 0.0661634837102651 0.187953100303946 -0.687595651992235 -0.0657106561842207 0.997801260587049 -0.00864604156447932 0.0593922384876718 -0.188111892644731 -0.00387785948907953 0.982139948302379 51.4412581687348
0.9760998487115 0.0658666511233349 0.207100626786069 -0.619762676124632 -0.0653855598046783 0.997817895843213 -0.00917471002550099 0.0464677159683826 -0.207253019071894 -0.0045859573504435 0.978276625030347 51.6978598321305
0.971677363948606 0.0658330189908672 0.226956194012051 -0.540242853340612 -0.0651511718879328 0.99782013591167 -0.0105024364243041 0.0445906952641048 -0.227152867451671 -0.00458148226730455 0.973848337693667 51.9346714742475
0.966441074043082 0.0678470465205653 0.247766883745365 -0.450660336983926 -0.0668419876964913 0.99768556888439 -0.0124761500717793 0.0333379578452375 -0.248039914294525 -0.00450376711961263 0.968739344198684 52.1866205584871
0.960271148959849 0.068487224742334 0.270534324111422 -0.3728733971914 -0.066959038551451 0.997644678346574 -0.0148856616589919 0.0510205988823488 -0.270916606415325 -0.00382044681335973 0.962595240251348 52.4410274224351
0.952957136389791 0.069924471436323 0.294929253378026 -0.273563490320049 -0.0684106235114531 0.997537440710932 -0.0154609498627633 0.0417345031988277 -0.295284071352559 -0.00544267160827309 0.955393999631158 52.7239472692087
0.944541153735943 0.0717028596969459 0.320469513074884 -0.168913348333375 -0.0700992629874562 0.997402659635148 -0.016553787522774 0.0317868745097495 -0.320824098577068 -0.00682894311103774 0.94711417648993 52.9497391003194
0.934884958136589 0.0736106621388469 0.347234193980704 -0.0580385006060104 -0.0721174040472689 0.997247130759691 -0.017240656166392 0.0175647069856522 -0.347547399765027 -0.00892359854796946 0.937619951955761 53.1594021092513
0.924084543920077 0.0741530942382832 0.374925424988639 0.0788378607090616 -0.0725085791331158 0.997195950434445 -0.0185133030343089 0.00621295306660068 -0.375246934218149 -0.0100774526558923 0.926870100557704 53.3854513416617
0.911580012460771 0.0720607792735171 0.404758106740944 0.219812394860887 -0.0697282650635698 0.997354867817284 -0.020524051558896 -0.00480651465419341 -0.405166447195773 -0.00951376537765733 0.914193435950562 53.6229152919483
0.895900613455346 0.0702136643496366 0.438670869957115 0.357771203020263 -0.0662465819754356 0.99750575987882 -0.024364921201385 0.00423993319189298 -0.439287469872414 -0.00723189789573766 0.898317437471809 53.9224350187787
0.878846727572277 0.0698853614360011 0.47195811857882 0.510670533037898 -0.0637791858011741 0.997544137984685 -0.0289466445539196 -0.00442673708995722 -0.472822001279593 -0.00466144069480101 0.881145632728557 54.1562212709156
0.859299390936553 0.0728972804452341 0.506251462456907 0.718057618604659 -0.0651774558056541 0.997328578978358 -0.0329788539478257 -0.0131128076672283 -0.50730312042286 -0.00465747320968065 0.861755099754293 54.4312364838615
0.838161011797548 0.0732304386951006 0.540484431922913 0.898149267065244 -0.0622355744094717 0.99731423511047 -0.0386141130150824 -0.0226164989042397 -0.541860546248234 -0.0012725150457132 0.840467446796736 54.6289056906269
0.814120091785577 0.0756541004523321 0.575747282438912 1.11807253632674 -0.0629842107460027 0.997131911395531 -0.0419635612573283 -0.0391080603605555 -0.577270703697795 -0.00209960983110502 0.816550137034346 54.8493833463469
0.786283323437869 0.0821925942141674 0.612374813933302 1.2972210591321 -0.068094252653287 0.996602531577396 -0.0463310566371509 -0.0480215676315283 -0.614102359577856 -0.00526986810743669 0.789208793951917 55.128452555198
0.756182043798481 0.084142819332718 0.648928888701601 1.58642595169437 -0.0695486927189035 0.996415571135539 -0.048155881673256 -0.0613403997553471 -0.650654820913397 -0.00871754285212666 0.759323586140176 55.3706670053716
0.723225690788507 0.0862299990651141 0.68520725875075 1.85029590427526 -0.0702798197904157 0.996213030861548 -0.0511892964580949 -0.0797069919263518 -0.687026452994143 -0.0111348283722041 0.726547086212179 55.6538131580603
0.687316940528072 0.08290862290492 0.721610409785738 2.12459239114587 -0.0653783693712306 0.996493241361943 -0.0522196202430325 -0.10326150326596 -0.723409353050878 -0.0112862822921182 0.69032711648213 55.8415638814271
0.648755995930911 0.0822816771800435 0.756535117059433 2.49102855728198 -0.0635925554776208 0.996522031471847 -0.0538500480877104 -0.121897439397233 -0.758334784004741 -0.0131744598243003 0.651732145115477 56.1371170892458
0.606148484070026 0.0814148435127259 0.791173583049515 2.79017292129021 -0.0605810483004186 0.996583346894723 -0.0561388393087577 -0.143783372957864 -0.793040952187484 -0.0139016527042837 0.609009681536885 56.3112544087824
0.560159313320502 0.0802152348633265 0.82449200105042 3.13353491923439 -0.0560588124803998 0.996689674083238 -0.0588821120471816 -0.17393671974025 -0.826485906258293 -0.013236679027265 0.562801774237375 56.5162926653262
0.513234825363163 0.0801992647313836 0.854492885851596 3.71483637667038 -0.0532138862303365 0.996682423609475 -0.0615826987083781 -0.193027150406824 -0.85659692758421 -0.013864501595352 0.515799844172916 56.806134024352
0.463700486234371 0.0790323745850581 0.882460051692684 4.05824173970338 -0.0522003843272559 0.996720334181842 -0.0618360356469 -0.228092415092715 -0.884452926357358 -0.0173913540555348 0.46630522392744 57.0098300071156
0.413779929528035 0.076548932720661 0.907152925817418 4.48899719039079 -0.0519368508264295 0.996820609761323 -0.0604254539188383 -0.258826770391269 -0.908894236666735 -0.0221118261207019 0.416440072158768 57.1815489748371
0.363031247933959 0.0758944693519085 0.928680969195183 4.92557437413484 -0.0545825607323197 0.996697946956029 -0.0601161093014125 -0.284925785437721 -0.930176895588906 -0.0288657592214196 0.36597501397931 57.3496060731942
0.316021977765078 0.0765859715210437 0.945655697669943 5.66002134921336 -0.0527042143858019 0.996614588585961 -0.0631001394896389 -0.294834237566135 -0.947286849563227 -0.0298990097463837 0.318988516816455 57.5291577738605
0.270600044424965 0.0758800391611368 0.959696741483533 6.06174208852612 -0.0422557694394419 0.996864226580041 -0.0669041382431405 -0.327855696471448 -0.9617640385803 -0.022448461459104 0.272957873438066 57.6182612191447
0.226774256192295 0.0697015714219463 0.971450012954729 6.55077587313439 -0.0287672834538758 0.997480037445518 -0.0648538225579136 -0.364765931623499 -0.973522408643538 -0.0132388005121421 0.228207918420645 57.6823812036227
0.183095482113394 0.0662803252993495 0.980858278706907 7.36105631148562 -0.018631729367404 0.997779431687431 -0.0639457923735932 -0.396146699638166 -0.982918563814136 -0.00656690031287877 0.183923823170999 57.8066441553706
0.146458496694013 0.0672400586456024 0.986928914998171 7.8839759126354 -0.0152172696336857 0.997722248144356 -0.065717199138939 -0.425307142685875 -0.989099764154772 -0.00539352121597787 0.147148110683989 57.8681644835336
0.115772349022399 0.0677705176019296 0.990961109300361 8.41147793769033 -0.00739386582198363 0.997700823844803 -0.0673676246249456 -0.465417243801036 -0.993248253937576 0.000472274673918238 0.116007254111931 57.8608605143599
0.0839839445190539 0.0668193213254653 0.994224258082966 9.1534658324201 0.000872844281732163 0.997743882626628 -0.0671295972280604 -0.506264222818869 -0.996466725588908 0.00650561132761499 0.083736144020212 57.9131542810759
0.0584919052594495 0.0652148202891212 0.996155471918805 9.81334801270457 0.00770904065036233 0.997804671073448 -0.0657754443258266 -0.544968860077981 -0.998258116777104 0.0115267340850074 0.0578607525872494 57.9364276917683
0.0400074945506443 0.0634803511377688 0.997180848893121 10.3624637305989 0.0121171706178206 0.99787564387744 -0.0640107298224598 -0.58234419902602 -0.99912590525719 0.014643919407416 0.0391533021390318 57.9309527890716
0.0225470173499117 0.0660374227557313 0.997562374392902 11.1375422503206 0.0153443649898651 0.997675642605454 -0.0663917360433611 -0.611959896749382 -0.999628022052044 0.0168038967973016 0.0214813077056556 57.9477135032461
0.0100373081871486 0.0650412354127522 0.997832095164482 11.60989771901 0.0153150535885647 0.997755318522325 -0.0651902868071051 -0.672443848325656 -0.999832336733483 0.0159361870093254 0.00901866762156238 57.9151899826454
-0.0014580303936188 0.065770539137534 0.997833708755587 12.2789217052919 0.0157533647141492 0.997712456535243 -0.0657395282504622 -0.712525632659168 -0.999874844991889 0.0156233881078475 -0.00249080237620025 57.9071171037143
-0.0110712795381245 0.069574165335959 0.997515344386839 13.2267150141793 0.0216648967927369 0.997359003020554 -0.0693228053443211 -0.735190480771044 -0.99970398569594 0.0208435748289783 -0.0125493574337501 57.9230604597668
-0.0175295447641602 0.072300542352681 0.997228833636428 13.7488807278006 0.0240591957609699 0.99712379224123 -0.0718700079713612 -0.782888243861294 -0.999556836883075 0.022732675205008 -0.0192186190535893 57.9046065012294
-0.0224130978597034 0.0717291325234498 0.997172294336222 14.3956777669435 0.0242150692740393 0.99716918232238 -0.0711846349050786 -0.821220766594487 -0.999455493488522 0.0225511279972695 -0.024086576379094 57.8932832488096
-0.0255574725628662 0.0682711787198738 0.99733939145729 15.4955252134348 0.0258441448569107 0.997376944016999 -0.0676114762442556 -0.861317796040781 -0.999339229577631 0.0240474052552779 -0.0272548441139383 57.8887744507962
-0.0267719081548992 0.061162069148541 0.997768743863635 16.0535477938118 0.022221778718413 0.997916268327701 -0.0605748624225147 -0.901804083069066 -0.999394545454565 0.0205504915850154 -0.0280752526485281 57.8420768025536
-0.0281224299342986 0.055149552415812 0.998081988517439 16.7392546549071 0.0233477499597429 0.998240743328252 -0.0545004672574189 -0.944983545152547 -0.999331782495888 0.0217702831353949 -0.0293605733220071 57.8322800868455
-0.0285094391043693 0.0526835959618551 0.998204212873539 17.4648460718776 0.0259019471097539 0.998313742454634 -0.0519495982866653 -0.981173599827495 -0.999257875134281 0.0243743788177338 -0.0298259725637211 57.8035769532593
-0.0298391075374787 0.0555248352052666 0.998011332769721 18.5775005422465 0.0289494488501411 0.998085088070406 -0.0546633916141522 -1.03023016667469 -0.999135404773868 0.0272607712091402 -0.0313893816511742 57.7754944164835
-0.0281655726936134 0.0620433850573527 0.997675958859121 19.2311333635555 0.0303243414719956 0.997665589463786 -0.0611866481690744 -1.07424168399314 -0.999143200361755 0.02853050946796 -0.0299812474785166 57.7553335510005
-0.0268668877146716 0.0708385507807827 0.997125904822358 20.2065450687527 0.0308942011866773 0.997068334220683 -0.0700020373091406 -1.10679307662746 -0.999161507804201 0.0289246714358466 -0.0289766234189559 57.7341911728973
-0.0239804850305146 0.0709403162110281 0.997192262241129 20.8654464260686 0.0311924136841062 0.997046550616483 -0.0701798349409057 -1.16216998065463 -0.999225685051311 0.0294218870851706 -0.0261224595719205 57.6985828188099
-0.0214430205093394 0.0663339284190767 0.997567043767951 21.6298217844284 0.030495041971044 0.997375590564706 -0.0656656969877535 -1.20903379681192 -0.999304883049523 0.0290127779813655 -0.0234096011752376 57.6769092815362
-0.0201416297543366 0.0610630526858146 0.997930668106522 22.7090211763988 0.0305952757901053 0.997703336521119 -0.0604316257761994 -1.24683128494135 -0.999328896735287 0.0293147725782862 -0.0219636121463829 57.6834035661774
-0.0179140209779796 0.0588554013155661 0.998105770741951 23.4019015180311 0.0285113378805965 0.997890075446703 -0.0583309603661085 -1.29545666338624 -0.999432934950945 0.0274123888225328 -0.0195542699782761 57.6995220734989
-0.0155062050146017 0.0645919060045863 0.997791282425708 24.0985081927871 0.0362586526439152 0.997291238700478 -0.0639960570638112 -1.33255677122417 -0.999222131317403 0.0351862315396428 -0.0178062178899845 57.6947208588166
-0.0119235543070433 0.0697307021877012 0.997494590474102 24.8426963396516 0.0377076917857686 0.996887304134219 -0.0692375103264039 -1.38323501885037 -0.999217673398983 0.0367876613611076 -0.0145158237349453 57.6757161343648
-0.00932680610594897 0.0700506130994146 0.997499835735454 25.5913999218264 0.0316601577422758 0.997063791031271 -0.0697239630692695 -1.43142379039224 -0.999455174132185 0.0309307002627933 -0.0115172341148817 57.6766997760205
-0.00502256659783284 0.0671488609323624 0.997730326441096 26.8692740640431 0.0302230759378127 0.997297302503087 -0.0669675749965845 -1.49621820977789 -0.999530559565653 0.0298181303161722 -0.0070384372427572 57.6736738115847
-0.00054606043974842 0.06306946989299 0.998008989831962 27.4340885657942 0.0315201009673588 0.997514331417303 -0.0630209635922662 -1.54764885098434 -0.999502969006598 0.0314229308707427 -0.00253265917345397 57.6775258795795
0.00346056584140533 0.063955570833952 0.997946746797323 28.0615547357907 0.0356847581821009 0.997309216879709 -0.0640384568854217 -1.59264659626367 -0.999357104601525 0.0358330976345107 0.00116901512964487 57.6643626912155
0.00712214189471985 0.0679390509088699 0.997664051901457 28.8692259082824 0.0352961474227477 0.997050581487065 -0.0681492474897405 -1.64868362539138 -0.999351518271696 0.0356990660649299 0.00470314896092275 57.6539296559323
0.00946599154971263 0.0685112122956954 0.997605437431931 29.6427521872543 0.0313394451275775 0.997139718648473 -0.0687765997468587 -1.69647893970999 -0.999463973429296 0.0319154395773927 0.00729181277224445 57.7074439107523
0.0136056992102238 0.0677535003887362 0.997609316382959 30.4541854012001 0.0302779802664439 0.997216234910134 -0.0681397442220171 -1.75118603426423 -0.999448912581322 0.0311326840592102 0.0115163849919866 57.7083339054227
0.0179020959056982 0.0665473907419557 0.997622653986777 31.7729582517069 0.0347667246902599 0.997137723595903 -0.0671389234073072 -1.81036990674543 -0.999235102374059 0.0358859996017676 0.0155372203462227 57.7216678902934
0.0187983587877979 0.0665051421627559 0.997608985411016 32.2869263004848 0.0397125423698714 0.996948247711143 -0.0672094142527799 -1.85310134022842 -0.999034301555961 0.0408810157847409 0.0160999025773878 57.7957947502229
0.022729451680681 0.0670922742080985 0.997487843919855 33.1020061896972 0.0425404369873831 0.996777022000727 -0.0680138194213778 -1.9045656254878 -0.998836164366919 0.04397948559211 0.0198020604946888 57.7959752957147
0.0256020771455859 0.0670156835799681 0.997423396457162 33.8321136037504 0.0430023332204602 0.99675306382908 -0.0680744378231556 -1.95144801547512 -0.998746881338524 0.0446343802651249 0.0226371180789485 57.8164926946142
0.0291580492286512 0.0654416908629239 0.997430294939041 34.5675768373555 0.0443769285458788 0.996785954580851 -0.0666966937949358 -1.99900145233571 -0.998589253085579 0.0462076384090656 0.026160232694751 57.8427744430296
0.0340717723418511 0.0650381191555853 0.997300936220452 35.8652704143622 0.0473057780197979 0.996656896091543 -0.0666122724361883 -2.07631592861794 -0.998299192474594 0.0494476948894005 0.0308811880389677 57.8157491816214
0.0361974658769967 0.0643265983262953 0.997272195647633 36.5166724631422 0.0450459508617103 0.996806845671114 -0.0659315913213658 -2.12777102907228 -0.998328906610967 0.0473096308479644 0.0331842289948295 57.8866576999191
0.0385407626064607 0.0656730465612902 0.997096615465658 37.2593856111279 0.042337779252872 0.996834621467701 -0.0672922721512688 -2.17764630601015 -0.998359715766641 0.0448083518856023 0.0356383155557122 57.9425310370732
0.0405164256910576 0.0654892374396105 0.997030380193502 38.0442337914239 0.0435457719932032 0.996785923712192 -0.0672427544851341 -2.22876920416804 -0.998229525204868 0.046140893671562 0.0375344234064232 57.9945294965276
0.043164893132671 0.0647921282963229 0.996964779774932 38.793456904587 0.0413952228576701 0.996921925528695 -0.0665816035006897 -2.28150701617756 -0.998210011733708 0.0441435670397405 0.0403499437868137 58.0360887035284
0.0455976106001321 0.0647455301131149 0.996859505766951 39.5665974652877 0.0396462410492643 0.996993938210707 -0.0665677304838293 -2.3336577886257 -0.998172847495975 0.0425570617110233 0.042893624471497 58.0781826022312
0.050739676671971 0.0676686983625508 0.996416796563136 40.7939003440857 0.0377174935714249 0.99686033091384 -0.0696194752137511 -2.37948094231293 -0.997999436818435 0.0411148137812479 0.0480280771822061 58.0773179991152
0.0531541348986815 0.0684546469560365 0.996237220371382 41.4368903868226 0.0354985255531765 0.996887471704099 -0.0703933480022107 -2.44019254581021 -0.997955155619091 0.0391066499400584 0.0505586521155627 58.1483464245749
0.0565707388296774 0.0716979785298166 0.995820843014949 42.2554817073817 0.0344613769987277 0.996683551816556 -0.0737177796307372 -2.49652788733378 -0.997803670570326 0.0384876267529231 0.0539123138374869 58.1989328970498
0.0605771630046045 0.0734624947916868 0.995456512953376 43.0012497926173 0.034173328350765 0.996550737811645 -0.0756228179618928 -2.55670150781091 -0.997578363313752 0.0385990780466084 0.0578577585307922 58.2375261234189
0.0632190161112326 0.075262510821492 0.995157731451036 43.8064995096521 0.0275730216675787 0.996639991471827 -0.0771262333785069 -2.61747052408643 -0.997618706960754 0.0323153502825124 0.0609313848363187 58.3017476009541
0.0659172371140101 0.0763926310291675 0.99489651912935 44.8655581014057 0.0256975922412472 0.996604369168117 -0.0782263709245353 -2.66270836495481 -0.99749413612525 0.0307229113116233 0.0637302998288897 58.3456092908912
0.0692872231882731 0.0763466450534545 0.994671036319014 45.6350637117107 0.0268112399563929 0.996564563128037 -0.0783596128718504 -2.73771684810612 -0.997236400315822 0.0320976838184216 0.0670022430865825 58.4138748699219
0.0734891622288658 0.0770843930210057 0.994312495841968 46.4558356300829 0.0256384439862832 0.996532848369896 -0.0791514517222758 -2.80639509108982 -0.99696640526392 0.0313093991057744 0.0712580402675633 58.4708640951643
0.0780711943769604 0.077369604877687 0.993941061054239 47.2728686082479 0.0215046676558234 0.996621408755062 -0.0792673758874857 -2.87234878557931 -0.996715826039482 0.0275628708981113 0.0761436160835996 58.5259688037861
0.0829572805170962 0.075160034545 0.993714777396614 48.0801689145912 0.0206942836138947 0.99680691181068 -0.077121509270518 -2.92977947744733 -0.996338213778291 0.02696200611322 0.0811370075331545 58.5901310965399
0.0875302481718745 0.074553490799926 0.993368125452249 48.8783631965518 0.0208203917142225 0.996840753883687 -0.0766486965673234 -2.99982938682158 -0.995944258954203 0.0273913929209273 0.0857014856931605 58.6678602628939
0.093059615555575 0.0775677962321213 0.992634446783075 49.6733691790533 0.0171819411492784 0.996687151798857 -0.0794952975805826 -3.0657973160866 -0.995512274585799 0.0244531884786983 0.0914185578656432 58.7508429521749
0.0993182180238549 0.0861612886254864 0.991318376663604 50.5230882272683 0.0152612228478829 0.99599500855478 -0.0880967536924662 -3.13266202558909 -0.994938684867441 0.023878343249887 0.0976055227837406 58.8298269436459
0.104320895291595 0.0938180515972261 0.99010874352268 51.5792473681828 0.0147186537132886 0.995286054644756 -0.0958594317870949 -3.17657075663493 -0.994434770127447 0.0245732094805829 0.102448256878265 58.9674504840472
0.109651482948793 0.0958294475756225 0.989339814858617 52.4741791420834 0.0100639668405304 0.995183570991263 -0.0975109050338038 -3.27653824913159 -0.993919146036821 0.0206488984313891 0.10815892998272 59.1042551332385
0.114587096146527 0.0936813192732567 0.988986151478336 53.2921915803524 0.00655272270357197 0.995450657047138 -0.0950528863822226 -3.35472388052999 -0.993391594096647 0.017372386239195 0.113451932440481 59.2667240481479
0.12138522320385 0.0918342786767164 0.988348163780193 54.1137959375523 0.00611936712725687 0.995622817476249 -0.0932617749488927 -3.431540020507 -0.992586611300854 0.0173686666322798 0.120291930260111 59.3898396898212
0.127788276541528 0.088289244921319 0.987863940838904 54.9256349789922 0.00556734143864568 0.995950373960861 -0.0897321420480191 -3.50648887422625 -0.991785844367549 0.0169664916362722 0.126779245437512 59.5255111714242
0.141092976360041 0.0845950515945761 0.986375409906176 55.9280553049831 0.00471065366953235 0.996273825334193 -0.0861177954663198 -3.55611200025543 -0.989985142193493 0.0167970890241194 0.140168741295787 59.5707586632203
0.146302972244398 0.0761723344577152 0.986302801261213 56.6506265066747 -0.000371505427336629 0.997035185456252 -0.0769460911673515 -3.6374758584305 -0.989239759763108 0.0108910249967061 0.145897509500159 59.777699951388
0.15307150541905 0.0734388863239202 0.985482543835378 57.4832275511683 -0.000605095572111264 0.997241619780109 -0.074221193992642 -3.70743695978257 -0.988214930107866 0.0107648387747854 0.152693713551209 59.9276444311519
0.16018087975671 0.0749241597435124 0.984240039851608 58.2752092137866 -0.000759334711043214 0.997124168409264 -0.0757813709623247 -3.77205659349116 -0.9870873867957 0.0113913590436569 0.159777119037663 60.0621022078601
0.165264490874355 0.0807960410642351 0.982934203191845 59.1061848914009 -0.000342475183913648 0.996643341279616 -0.0818653345058258 -3.84677831404256 -0.986249223455607 0.013192802255351 0.164737425018915 60.2235323756543
0.173743516491583 0.0864118465765727 0.980992448109753 60.143892490823 -0.000160372924675136 0.996145316476149 -0.0877182007519369 -3.8919904913168 -0.984790924388352 0.0150831440309686 0.173087648341749 60.2847445693273
0.177744864703312 0.0884751354786108 0.980091278133646 60.9209997637011 -0.000348532634440169 0.995955784462165 -0.0898440533444229 -3.99262008492296 -0.984076542549717 0.0156277253109419 0.177056862631759 60.5096876604075
0.183333422511149 0.0879527092865914 0.979108358211438 61.6954624556247 -0.00283513702247281 0.996032758309293 -0.0889421518338988 -4.05993997626931 -0.983046701936593 0.0135301627458371 0.182855452496388 60.6609756499146
0.189010530226631 0.0848617020792825 0.978301339559369 62.4596283242006 0.000945995608888997 0.996242646965213 -0.0866007705511524 -4.12761215285248 -0.981974604842588 0.0172939263313015 0.188220072139747 60.7986801149108
0.193343718566479 0.0793341440849703 0.97791835041234 63.2793640372076 0.00147456340258493 0.996700856475428 -0.0811494199851058 -4.16719277619303 -0.981129977196527 0.0171317332296676 0.192588866663911 60.923672505459
0.197551152906371 0.0723487094873524 0.977619151930279 64.0334660700531 -3.83532243137521e-05 0.997273396255655 -0.0737954717427936 -4.24920168111746 -0.980292579036684 0.014540885675431 0.197015283999441 61.1058783985473
0.201277325567973 0.0682819041744296 0.977151482511549 64.8176719151524 -0.00347865494825081 0.997610938287633 -0.0689950343765297 -4.31799314535162 -0.979528119643308 0.0104879631569488 0.201033990799723 61.2692664923249
0.204796831776579 0.0682813116127943 0.97641995072751 65.5557422446412 -0.0052815005212484 0.997626376467837 -0.0686565272053453 -4.37194225818588 -0.978790255083549 0.00890367677371258 0.204671348980237 61.4264846640669
0.207337173500014 0.0700182253074618 0.975760598000257 66.2893256264188 -0.00733763521111426 0.99751857487874 -0.0700203676182601 -4.42693204427376 -0.97824202301605 0.00735804978789736 0.207336450024556 61.5866034811977
