0.999999999615129 2.65496668579031e-06 2.76168949553808e-05 -0.000188658936225053 -2.65464242473391e-06 0.999999999927546 -1.17414316945046e-05 8.48804211417761e-05 -2.76169261264898e-05 1.17413583770046e-05 0.999999999549723 0.00109373422891634
0.999998849502698 0.000805195228070396 0.00128555588178752 -0.00196949498708975 -0.000799384062785299 0.999989490150806 -0.00451448480467136 -0.004369898266243 -0.00128917741241099 0.00451345195788505 0.999988983325828 0.985422213250787
0.999996926835522 -0.00158102133916286 0.00190963112583972 0.00228233976270631 0.00159093170042406 0.99998521773174 -0.00519935133734669 -0.00578194130264619 -0.00190138261174599 0.00520237345157906 0.999984659909658 1.96640196954182
0.999992610002498 -0.00322687113720396 0.00208979497955719 0.000856391379968121 0.00322944695813414 0.999994028410922 -0.00123037183015869 -0.00635607562632684 -0.00208581224881355 0.00123711161975379 0.999997059466728 2.9510089521878
0.999984716427964 -0.00524696024493199 0.00174250356472099 -0.0048228281440568 0.00523908041594158 0.999976167292698 0.00449631882782628 -0.00378225575838371 -0.0017660540422817 -0.00448712099171294 0.999988373331573 3.95277568991645
0.99995866609309 -0.0090662519221211 0.000684968183661153 0.00020867477456576 0.00906313366953214 0.999949133576424 0.00442604426623701 -0.00507630857559865 -0.000725060974115552 -0.00441965336232743 0.999989970425074 4.90230899952064
0.999932942468148 -0.0115771068269235 -0.000284893856797445 0.000379751750734825 0.0115775621440799 0.999931612939447 0.00165211958271675 -0.00343439252470933 0.000265747608844045 -0.00165530717198675 0.9999985946672 5.86962705646616
0.999927513090823 -0.011956396363205 -0.00141885517491753 -0.00690951581855805 0.0119539095948006 0.999927020936341 -0.00174838404657418 0.00197744989712047 0.00143965600085134 0.00173129644512952 0.999997464998396 6.85454398572926
0.999928037134664 -0.0117697370823655 -0.00232246443047251 -0.0121339582743874 0.0117645089911155 0.999928259698508 -0.00225206227956434 -0.000532121824165912 0.00234880399709765 0.00222457756103595 0.999994767173538 7.80217351451506
0.999929798663935 -0.0113946956774299 -0.0032494083031293 -0.0211085610475971 0.0113934364296976 0.999935010362612 -0.000405780046338069 -0.0012764735843219 0.00325382086540194 0.000368729633100833 0.999994638329743 8.77886764805923
0.999928256902707 -0.0112572109485885 -0.00409343977269787 -0.0262630817748741 0.0112680848090128 0.999933019840835 0.00264312253298171 -0.0029321475036031 0.00406341140553362 -0.00268905813370401 0.999988128756588 9.73734751434219
0.999925865294037 -0.0112337474975396 -0.00469753479307998 -0.0389517318705562 0.0112518816181845 0.999929276494732 0.00385190456419364 0.00234854468814092 0.00465393124369453 -0.00390447510977042 0.999981547828807 10.6881079677991
0.999905221811395 -0.0126410943258114 -0.00545436784158505 -0.0448315411841535 0.0126672776034434 0.999908279977346 0.00479288126936571 0.00254732512297594 0.00539328030262459 -0.00486151900036145 0.999973638732835 11.6453874885127
0.999898550175281 -0.0128623053095038 -0.00611967805499827 -0.0578239377858441 0.0128916508188212 0.999905472885614 0.00478023352598596 0.005739182332025 0.0060576147564288 -0.00485864132474127 0.999969848999429 12.5921472243263
0.99988771358358 -0.0132642589770548 -0.00697277981797453 -0.0660205835911993 0.0132877094405937 0.999906177383701 0.00332764297018643 0.00892186182487018 0.0069279868953894 -0.00341992159329666 0.999970153121518 13.542909977008
0.9998742607173 -0.013531219391198 -0.00826854623371933 -0.0775456350353223 0.0135404716743092 0.999907757493795 0.00106401624365685 0.0163413295466838 0.00825338608506334 -0.00117584247108298 0.999965248902488 14.4665786260248
0.999840028918437 -0.0150129956922596 -0.00972247564786026 -0.0918319442854361 0.0150117983576108 0.999887297372319 -0.000196121263082668 0.016368661908629 0.00972432426698501 5.01380453896355e-05 0.999952716383993 15.4138272768637
0.999826359828577 -0.0147061270332603 -0.0114446502619097 -0.10463220765195 0.0146974051085288 0.999891629551825 -0.000845834068757537 0.0155601227859426 0.0114558489432958 0.000677480536760126 0.999934150104451 16.3449959391694
0.999825085245736 -0.0134864205402202 -0.0129582164810093 -0.123241557697116 0.0134647319477413 0.999907798282671 -0.00175952467361452 0.0157204856545596 0.0129807514008955 0.00158473799535102 0.999914490693356 17.2695830254791
0.999823857832569 -0.011840859225911 -0.0145618460914181 -0.143123038603941 0.0118176640837848 0.99992876120982 -0.0016778918313357 0.0120521400394732 0.0145806764040909 0.00150550927828366 0.99989256288734 18.1962467145115
0.999796414905121 -0.0122490475257447 -0.0160340131463801 -0.16104355076638 0.0122336328431516 0.999924605416385 -0.00105910827833524 0.0151005144477351 0.0160457773362714 0.00086273842984083 0.999870886020828 19.1135425872869
0.999777646835298 -0.0117439774768916 -0.0175138768265461 -0.18331256921594 0.0117514993538417 0.999930895402048 0.000326624240731087 0.0130762034308909 0.0175088306694028 -0.000532365927007912 0.999846566946704 20.0363284873433
0.999757426524438 -0.0113233671654682 -0.0188909889965882 -0.205509741302124 0.0113430015375414 0.999935231262017 0.000932521900845978 0.012325430966676 0.0188792061631986 -0.00114657621300143 0.999821114468801 20.949439304646
0.999716564275394 -0.0123223889761208 -0.0203703177030292 -0.228802864438889 0.0123411715959112 0.999923527531266 0.000796600947464014 0.0118523735228836 0.0203589439078122 -0.00104776874853356 0.999792186198516 21.8563191915029
0.999677903527056 -0.0125603907954653 -0.0220527953514862 -0.250694980667513 0.0125715417498078 0.999920907667428 0.000367079799291262 0.0114463859650916 0.0220464404787299 -0.000644199201643797 0.999756740147125 22.7593544894924
0.999634883908794 -0.0132340892046749 -0.023557541373714 -0.268039598928422 0.0132523547130272 0.999911991845671 0.000619401147761943 0.0139451656905598 0.0235472709079342 -0.000931367888887254 0.999722290732103 23.6540243727074
0.999638366638319 -0.01206099706904 -0.0240347310027284 -0.298151396416821 0.0121271847644703 0.999923056742774 0.00260997775381754 0.0139939447647486 0.0240014027581994 -0.00290050752242294 0.999707717146242 24.5366128866333
0.999605710822398 -0.0131906645612466 -0.024787683628775 -0.321128313817921 0.013329051762478 0.999896442149448 0.00542598894101465 0.0144987846251531 0.0247135442695043 -0.00575424585045729 0.999678012854305 25.4118554621729
0.999589944341433 -0.0131969783821744 -0.0254122595034688 -0.345431088485114 0.0133780703274404 0.999886221005217 0.00696938148053524 0.0166618844955492 0.0253173933453916 -0.007306490641039 0.999652762107276 26.2759636994502
0.999581650631848 -0.0127675271731089 -0.0259521476951947 -0.378432718916208 0.0129176221824295 0.99990074719758 0.00562412578753483 0.0209699776644561 0.0258777656929898 -0.00595701297681434 0.999647365444001 27.1456157158838
0.999576014952207 -0.010901260701742 -0.0269991267891718 -0.403085246560857 0.0109902930234097 0.999934638924244 0.00315140265631262 0.0220637467957524 0.0269630078352678 -0.00344679482349596 0.999630489638006 27.9747825403974
0.999559147167912 -0.010588960456659 -0.0277377942418531 -0.43102028521623 0.0106318410500664 0.999942501866274 0.00139889860369596 0.0251512315536101 0.0277213864884531 -0.00169318571474355 0.999614254526862 28.7996021900369
0.999542609746141 -0.00977509474936066 -0.0286185049315101 -0.461347632492909 0.00980872175478595 0.999951357840754 0.00103485746296489 0.025752638947815 0.0286069970358833 -0.00131509508115835 0.999589871019868 29.6168849575006
0.999505398421704 -0.0099471506609025 -0.0298330809605586 -0.488379720366882 0.00996949874220579 0.999950123033221 0.000600450393216717 0.0209387476030246 0.0298256202064449 -0.000897574272616956 0.999554714230155 30.4102149065332
0.999418018165298 -0.0100344778933266 -0.0326026719757064 -0.513976957013535 0.0100316806758645 0.999949650330306 -0.000249373448456199 0.0225407006151364 0.0326035327742969 -7.78312768011038e-05 0.999468360476172 31.2723766067566
0.999384031281163 -0.0097791065701171 -0.033703517544944 -0.55280789362489 0.00976992694001596 0.999952177616326 -0.00043704456887866 0.0234997904853354 0.0337061796678117 0.000107494459059844 0.999431779511309 32.0462699104595
0.999314214222666 -0.00973734685151621 -0.0357251358126064 -0.582553612241127 0.00976779050510319 0.999952064330005 0.000677724730142568 0.0236253041202548 0.0357168240635183 -0.00102621559854559 0.999361423790393 32.8223084980661
0.999234665498615 -0.0101330405127197 -0.0377810105190313 -0.61503134227402 0.0102547281328593 0.999942832830699 0.00302846849694529 0.0230699009050098 0.0377481630916356 -0.00341358469697559 0.999281453656938 33.6041080657258
0.999167256445036 -0.00905273618804979 -0.0397849420711986 -0.653569163732529 0.00923859598436165 0.999947241643259 0.00449024211759713 0.0249101041994298 0.0397421941057208 -0.00485405990347051 0.999198176594672 34.3996255663664
0.999108782705085 -0.00762049357905484 -0.0415158812886635 -0.69423742887094 0.00782812990145216 0.999957641167056 0.00484110048054444 0.0242249138657748 0.041477231149256 -0.00516177771977069 0.999126115836716 35.1478273245936
0.999046812613908 -0.0049720191632386 -0.0433675596665365 -0.733602775117911 0.00515146122902627 0.999978622920103 0.00402692811211777 0.026131431758736 0.0433466106310061 -0.00424649599725625 0.999051069074324 35.8951019152325
0.998973955774853 -0.00333957528559174 -0.0451650630515923 -0.772830764980254 0.00349576136584733 0.999988178990258 0.00337957574577718 0.0277006197233533 0.0451532428073056 -0.00353399443410159 0.998973821252251 36.6324809678301
0.998901998046214 -0.00285757330537526 -0.0467614432421191 -0.810410098992137 0.00306941832281775 0.999985347183393 0.00445915795509108 0.0319397742829947 0.0467480156845301 -0.00459779222163291 0.998896132406291 37.3632866720102
0.998846346528015 -0.00296616134498906 -0.0479288839272612 -0.849984174239378 0.00326812051617051 0.999975296430679 0.00622301507846832 0.035855576720785 0.0479092414459796 -0.00637247324439667 0.998831365230798 38.080513513412
0.998851621041387 0.00116480568495459 -0.0478965799479468 -0.891055080941513 -0.000836948205019849 0.999976088120966 0.00686459787541245 0.0344858853453327 0.0479034305733512 -0.00681662775903896 0.998828711504279 38.7805590732842
0.998893217354615 0.00434511709192638 -0.0468343920682574 -0.93089948499397 -0.00411966677256252 0.999979463707063 0.00490922700821993 0.0334944659181822 0.0468547614296439 -0.00471085147214821 0.998890604225397 39.4713150282943
0.998961213822517 0.00588299668698024 -0.0451872064662524 -0.964665958468801 -0.00580931202662646 0.999981573804707 0.00176180158871546 0.0363911416520811 0.0451967385108709 -0.00149746487160358 0.998976982931508 40.1507782663607
0.999051199644443 0.00664445032731573 -0.0430412798235179 -0.996836112684726 -0.00665436518286137 0.999977855674763 -8.70868240575545e-05 0.0385874594216754 0.0430397480593423 0.000373416589931335 0.999073290928668 40.8232663354356
0.99916951362896 0.00772388329169644 -0.0400078075050728 -1.02435596231642 -0.0077010491890064 0.999970083787733 0.000724824766977302 0.0400623939414244 0.0400122090849182 -0.000416120716346071 0.999199104266859 41.4865014082075
0.999245943797684 0.0125998640003092 -0.0367258387385417 -1.05835091949646 -0.0124777172919919 0.999915837040109 0.00355322495185354 0.0383278003565316 0.0367675179344049 -0.00309229098744957 0.999319061842309 42.1488612242427
0.999323040554183 0.0168977027581516 -0.0326791716394421 -1.10078900803552 -0.0166736487343419 0.999835658256909 0.00711659440016112 0.0378600641529112 0.0327940551842364 -0.00656689572551456 0.999440556423994 42.8113487827966
0.999243450487238 0.021630064935005 -0.0323213079757849 -1.09835347113128 -0.0213691766632338 0.999736402209611 0.00839549794347479 0.0409185907571082 0.0324943833160991 -0.00769846659347493 0.999442268800462 43.4499766380671
0.99941951579637 0.0252707462933005 -0.0228477751023931 -1.14033891462588 -0.0250913339427292 0.999652303081857 0.00810542436354143 0.0467124871325633 0.0230446611240942 -0.00752743813779215 0.999706097445023 44.0165425762662
0.999432114465236 0.0291117290574767 -0.0169692606448278 -1.15858220962524 -0.0289433650576023 0.99953018375021 0.0100843141271136 0.0521357419292002 0.0172548600310289 -0.00958743988539189 0.999805156418866 44.6147380323605
0.999368966191188 0.0339607655952942 -0.0104084491706435 -1.17153696336145 -0.033842516324751 0.9993629097523 0.0113339622474098 0.0544565406388752 0.0107867280843334 -0.0109745620230711 0.999881595733033 45.1873582252837
0.999304075228734 0.0371604850972263 -0.00323474552072735 -1.18265058008738 -0.0371229724836503 0.999250460568345 0.0109727830529979 0.0566729761933719 0.00364007489252423 -0.0108450634525041 0.99993456508588 45.7381708643647
0.999158620027758 0.0407953214800561 0.00421826617990395 -1.19249063255437 -0.0408400281303785 0.999103824343373 0.0111193653036442 0.0575018434265803 -0.003760867790224 -0.0112822838018224 0.999929280472214 46.2837316637167
0.998914300799722 0.045028007507408 0.0119456350904996 -1.19843711372944 -0.045154529628236 0.998924389220589 0.0105419672891338 0.0654337120961821 -0.0114581024543914 -0.0110699214173007 0.999873076309168 46.8069054343882
0.998579413214212 0.0495837399644391 0.0195091833734287 -1.19467993909574 -0.0497469847675591 0.998730028752176 0.00797290255894583 0.0628208724582478 -0.0190890809442313 -0.00893209940703169 0.999777887627491 47.287857789803
0.998358067356325 0.0512360632433199 0.0256131834778702 -1.16224048938088 -0.0513753615919673 0.99866783088224 0.00480996697047293 0.0686381264259133 -0.025332618613936 -0.00611795589138609 0.9996603568462 47.740551936857
0.998040201057568 0.0517729270386852 0.0351471350015402 -1.16925694653095 -0.0519677834983302 0.998637923347422 0.00465269068595011 0.0680307403389185 -0.0348583784941323 -0.00647009105001094 0.999371318064794 48.187381182421
0.99776878230622 0.0510056038920872 0.0430799887043457 -1.14710862459124 -0.0513105127599002 0.998664717056635 0.00600118209254016 0.0691710379631669 -0.042716370813532 -0.00819824845898237 0.999053602359115 48.6106565100184
0.997302363272647 0.0527264188249104 0.0510678075571416 -1.12564753603344 -0.0531388843575961 0.998564303402303 0.00675210633081962 0.0692749857688366 -0.0506384752932309 -0.00944757792096953 0.998672362735349 49.0047965230777
0.996641166888933 0.0557721162222105 0.0599654526736982 -1.10897432908679 -0.0562804739459955 0.998391698353023 0.00682091725363881 0.073036483684315 -0.0594885931475894 -0.0101728910277813 0.998177148392738 49.3764692382046
0.995789119341562 0.060607870091686 0.0687801997954813 -1.09131563292631 -0.0611892869827886 0.998105813421215 0.0063762350421139 0.0679889767664532 -0.068263467239036 -0.0105579968613206 0.997611461312861 49.7165532660285
0.994889128067626 0.0644898220814538 0.0776961112330626 -1.06492367954332 -0.0651766905827783 0.997853632160239 0.00633464989529858 0.0702401348096999 -0.0771208263539413 -0.0113662497122697 0.996956963218555 50.0298110677206
0.994154499973623 0.0638642885149464 0.0870527589147798 -1.03427927004961 -0.0647212879311153 0.997878439950374 0.00705506702633955 0.0662382395423417 -0.086417504423194 -0.0126479933067724 0.996178720508815 50.3170405629405
0.993237749886278 0.0627154962088499 0.0977012729503639 -1.00050313553327 -0.0635262837263633 0.997966581647234 0.0052070328644827 0.0645999497035837 -0.0971760437389863 -0.0113784203917744 0.995202164423202 50.6056806185367
0.99208758416385 0.0610682835083204 0.109694530844901 -0.966974557572684 -0.0614836492900765 0.998108008621706 0.000404963191799731 0.0752334297351382 -0.109462259331289 -0.00714617901813524 0.993965263934072 50.8857151012449
0.990460062068864 0.062224822044938 0.122950953505936 -0.929652724876213 -0.0622795102653842 0.998052948430262 -0.00340216559937108 0.0669421643993721 -0.1229232608079 -0.00428761602029008 0.992406916693559 51.1505205752882
0.988314546286996 0.0640612319024675 0.13831310915697 -0.881767467834365 -0.0639093978371092 0.997940309704756 -0.00554320615473141 0.0615559167086985 -0.138383331603296 -0.00336107624341164 0.99037303916295 51.4265720587666
0.985809384399989 0.0655437512594637 0.15454408529527 -0.83482216397531 -0.0652802432306306 0.997843903548615 -0.00678483563631599 0.0567626023004069 -0.154655576920665 -0.00340012083603877 0.987962596309008 51.6757543364172
0.98300629951953 0.0659129495570021 0.17133037729958 -0.778408189796234 -0.0654891593350895 0.99782015606969 -0.00813056890030962 0.0571989504843502 -0.171492813594341 -0.00322788193023124 0.98518008285985 51.9296457183331
0.980070938013116 0.065359509072737 0.187587555652985 -0.669396216200568 -0.0647782749946857 0.997856960179106 -0.00923374847109285 0.0561272221465225 -0.187789061318288 -0.00310186974022885 0.982204483217884 52.1963182608447
0.975993948330387 0.0643165156843443 0.20808459489517 -0.636018214843384 -0.0636561385784139 0.997923028987326 -0.00987543609393376 0.0552120096312915 -0.208287562863814 -0.00360749594387725 0.978060978226443 52.4456182518186
0.9714438359939 0.0645787489614367 0.228312195670824 -0.563950878917297 -0.0637044881167183 0.997905903194768 -0.0112047562588661 0.0538345343850992 -0.22855767697289 -0.00365972015452433 0.973523494706289 52.7057736698993
0.966125658966327 0.0666002898190421 0.249330328044744 -0.487343903921052 -0.0652943458412571 0.997774529413428 -0.0135143203667074 0.0523956539761289 -0.24967550838647 -0.00322332899830029 0.968324197085938 52.9544862042904
0.959944004643547 0.0677641748768155 0.271874096876062 -0.398684152005361 -0.0659923185461739 0.99769714281395 -0.015666049718442 0.0492089858033971 -0.27230960659112 -0.00290307150183231 0.962205305708737 53.2074667926036
0.952629333015459 0.0689597078105871 0.296212613805018 -0.302605224002847 -0.0669879522013991 0.997612110329809 -0.0168134346035475 0.0428960278474905 -0.296664740301886 -0.00382570542294557 0.954974028882268 53.4622770812053
0.944056936720412 0.0718077481773808 0.321869767967987 -0.200201063797662 -0.0697913589273576 0.997402516873975 -0.0178153179183529 0.0375454521049217 -0.322312994539694 -0.00564505404341867 0.946616325084087 53.723637633679
0.934236710818407 0.0736813543936936 0.348959634017912 -0.0845549534157621 -0.071554143492855 0.997255714343917 -0.0190011777900266 0.0315635910865125 -0.349402021614369 -0.00721790988550162 0.936945104618556 53.981267160747
0.923095948144494 0.0742570315559176 0.377332431396669 0.0425579381242728 -0.0718693740065416 0.997204892751761 -0.0204253507156428 0.0242856799001922 -0.377794472695308 -0.0082640871518048 0.925852602342523 54.2401597199765
0.910409011729468 0.0723952990220234 0.407325854864733 0.185873148817556 -0.0691673704125642 0.997347533194811 -0.0226665590779972 0.0179765714665071 -0.407886388878061 -0.00753781863253634 0.913001574510295 54.5001511603402
0.895607585054617 0.0693869239547256 0.439400168840134 0.347328205232832 -0.0648361775828965 0.997573188234366 -0.0253772376818496 0.01166238982968 -0.440094675801783 -0.00576098082127529 0.897932896953275 54.7558081752711
0.87844895056206 0.0686167513867424 0.47288389979523 0.522058151741949 -0.0619396069089984 0.99763795558579 -0.02969839508398 0.00388592057056181 -0.473804734413211 -0.00320171887201107 0.880624109733484 54.9981975076512
0.859379215459878 0.0708901612236924 0.506400976576116 0.736220421136691 -0.0616690021870047 0.997483445280287 -0.0349815745933095 -0.00786406283436125 -0.507606440271224 -0.0011668048024243 0.86158826614673 55.2328760402424
0.837485860229941 0.0724496295195403 0.541635010959777 0.914143555518804 -0.06076610662511 0.997372064468292 -0.0394518098936171 -0.00765926763715266 -0.543069898079927 0.000127282118509585 0.839687483292874 55.4911355576773
0.812974912949217 0.0751744165839677 0.577425837667898 1.13246757947826 -0.0614975112590387 0.997170335167011 -0.043236313115881 -0.0133059574066058 -0.579042180695118 -0.000360214061612951 0.815297505958206 55.7659006083352
0.785641083882471 0.078952045677603 0.613624202423029 1.36023817857272 -0.0640839339424578 0.996873854102251 -0.0462143745795961 -0.02479394180444 -0.615354643052634 -0.00301554151790632 0.788244612910814 56.0226612189108
0.755661148496146 0.0834899361686365 0.649619626560069 1.60415715473358 -0.0677982301775655 0.996484998270913 -0.049204148258137 -0.0382005065370359 -0.651444263646765 -0.00686139778586524 0.758665468162449 56.2823802336198
0.722691999503216 0.0847193642309699 0.685958382978402 1.88825626693694 -0.0673858603874623 0.996367746219023 -0.0520620794270324 -0.0471655611867769 -0.687877474317836 -0.00859904754757473 0.725775886005721 56.5535835716791
0.686401755130244 0.0827376071017708 0.722500601332064 2.21573300235344 -0.0643959556298177 0.996519278479962 -0.0529385352677929 -0.0867883719261444 -0.724365785672296 -0.0101890131440588 0.689340549045613 56.7467577663541
0.647140009862133 0.0801227307749392 0.758149164511052 2.53538335694891 -0.060246891951972 0.996726621525858 -0.0539106107531341 -0.0805582875801442 -0.759986920707038 -0.0107884176233184 0.649848821187989 57.034941802671
0.604503268517299 0.0797446557891683 0.792601153307872 2.90462889414836 -0.0578921200294837 0.996743639587004 -0.0561303784179694 -0.0878231901461662 -0.794496255995202 -0.0119543638860312 0.607151375188829 57.3094901501803
0.558146454983033 0.0793534637810509 0.825939200290083 3.30230864006088 -0.0537340215710489 0.996783665680708 -0.0594556873472373 -0.0983727174820453 -0.828000718427028 -0.0111960536833221 0.560615250119229 57.5815435313567
0.508707751096046 0.0781253599806668 0.857387224130786 3.62917860283626 -0.0509189346180233 0.996861138332221 -0.0606228750584604 -0.136667986681161 -0.859432188175523 -0.012817917571878 0.511089047932894 57.777947163593
0.462254356142583 0.0779989983992502 0.883310288899614 4.21048774949055 -0.0501857739376909 0.996828530757619 -0.0617597632919747 -0.19313126645505 -0.88532609716504 -0.0157808908595024 0.464702770770951 57.9362583217366
0.4108669826284 0.0745652702723925 0.908640931861997 4.52191292399143 -0.0495278094138389 0.997003571564247 -0.0594211610691235 -0.212347178918127 -0.910349009270895 -0.0205888017461271 0.413328903613283 58.0680876062938
0.359609771852411 0.0743372979559679 0.930136967398277 4.97749622263236 -0.0522925266081826 0.996860514860835 -0.0594525489136012 -0.233129088133068 -0.931636358054573 -0.0272594945660642 0.362368067449125 58.2456438848608
0.311541264846653 0.0746980737193133 0.947292055324213 5.45003902153598 -0.0495200937185773 0.996827069131545 -0.0623181720264511 -0.250952151649248 -0.948941410528517 -0.0274953092224668 0.314251821561801 58.356962946565
0.265640213908551 0.0713412327971955 0.961428991271636 5.95699318187532 -0.0383348466351859 0.997251183392653 -0.0634075449407245 -0.285298100873116 -0.963309771718359 -0.0200126391295495 0.267644872895026 58.4409329151136
0.222358544120772 0.0655152492117925 0.972761239964467 6.47280428048158 -0.0242826859931148 0.997802331310592 -0.0616511053599759 -0.311637950622861 -0.974662520576969 -0.0099126057050496 0.223460759934906 58.5055925744783
0.179996814928266 0.065991070309975 0.981451132382567 7.37044917059502 -0.01674370097252 0.997808134568427 -0.0640201145486205 -0.367422485526516 -0.983524679453151 -0.00490970756966037 0.180707220879958 58.7004216843117
0.142728404514481 0.0668692491453217 0.987500433449774 7.65761075334533 -0.0133260011663639 0.997754544539942 -0.0656375391282113 -0.3890902544677 -0.989672178166924 -0.00379109069191014 0.143299013931363 58.6328183932108
0.110175397225296 0.0675687824781565 0.991612747740098 8.22721610501544 -0.00456486065276941 0.997710381161337 -0.0674770877418463 -0.425165431036543 -0.993901677176102 0.00290774093062075 0.110231579636742 58.6724904611723
0.0813261072225168 0.0657642457364565 0.994515524397054 8.80425024029322 0.00268115398208388 0.997802714228501 -0.0662008677553515 -0.466014891718923 -0.996683939720791 0.00805030812777678 0.0809710864549302 58.6982674344117
0.0563693927875391 0.0638963841669721 0.996363258880591 9.39083247995103 0.00990411569544069 0.997865128874286 -0.0645530252505369 -0.503066822774755 -0.998360856629033 0.0135069118266112 0.0556162142171929 58.7125236883791
0.036579675620506 0.0630053228477045 0.997342597417936 9.991155923806 0.0145748152296675 0.997870741454452 -0.0635732499575334 -0.533379955824087 -0.999224450307597 0.016861572939631 0.0355834970946068 58.7195332765866
0.0199275858746685 0.0659913838615858 0.997621184908 11.1915017738196 0.0169269677789775 0.997654041552222 -0.0663316752112186 -0.582262546471852 -0.999658126102628 0.0182085318065453 0.0187638025579268 58.8476571350828
0.0113647405029743 0.0648997375177137 0.997827072564897 11.6126926144136 0.0174069315141021 0.997727464499036 -0.0650915149584579 -0.626002364445969 -0.999783897354105 0.0181088556915025 0.010209208440468 58.7780860326587
-0.000342238913613846 0.0656595853509932 0.997842022428431 12.2415563358714 0.0179264843264055 0.997682138107733 -0.0656429163008348 -0.66743113137499 -0.999839249095684 0.0178653338149308 -0.00151849117875091 58.7754602056648
-0.00931252857549647 0.0685095335020817 0.997606997083951 12.9718465852563 0.0232169169254278 0.99739613243541 -0.0682783257803228 -0.712825957750184 -0.999687076829549 0.0225255149156073 -0.0108788601323122 58.7667199477443
-0.0157958380089183 0.0705584104302446 0.997382575654474 13.7082069763822 0.0275441775090591 0.997159171669756 -0.07010638088103 -0.748381758152335 -0.999495777773446 0.0263646936724812 -0.0176944381264503 58.7518749091221
-0.0205035959937239 0.0699145136368198 0.997342249849195 14.4374080848955 0.0278638774239157 0.997204430047537 -0.0693320202249456 -0.786630141868636 -0.999401424296679 0.0263682664673693 -0.0223943661949755 58.7430671895673
-0.0289316201942014 0.0682017324796514 0.997251966676282 15.4578649249486 0.0258533707330512 0.997386899636943 -0.067460919459683 -0.827136203657564 -0.999246998781922 0.0238305711089872 -0.0306192636414009 58.7185802812517
-0.0293425711517763 0.0607461781502615 0.997721862724447 16.3504206595435 0.0238758557336549 0.997909459762362 -0.0600554213187868 -0.889519553956481 -0.99928422234677 0.0220592827836259 -0.0307315963119943 58.7269851101155
-0.0306658468987075 0.0550952964829684 0.998010077173291 17.0923977336308 0.0251884378279721 0.998205171952426 -0.0543321018111182 -0.929039468116189 -0.999212263952846 0.0234721748647444 -0.0319985714266662 58.7092886765502
-0.0312201396899461 0.0524856106388983 0.998133539940224 17.8302586221021 0.0277289648952143 0.998281450131862 -0.0516260673348934 -0.968141196629062 -0.999127823345732 0.0260654368559006 -0.0326218579779085 58.6885784552657
-0.0309333220806729 0.054751259704727 0.998020755869235 18.5512973994736 0.0309831333094273 0.998071280614381 -0.0537937195507112 -1.00741457108417 -0.999041127799744 0.0292577916718923 -0.0325700259610049 58.6645449245069
-0.0303633209890277 0.0621593595824367 0.997604271620175 19.3025196351971 0.0318097281797081 0.997618998925967 -0.0611921087648048 -1.04339810062412 -0.999032637070307 0.0298755250707322 -0.0322682982212839 58.6491553297975
-0.0282226631094862 0.0700734620116795 0.997142512988342 20.0420631647352 0.0325490853382634 0.997075314264896 -0.0691474853281147 -1.08299064231583 -0.999071588191082 0.0305045505663844 -0.030420947784249 58.6314697701137
-0.0276541382163755 0.0719642800613566 0.99702376653456 21.0699760584601 0.0334803774386091 0.996912305248236 -0.071027600066561 -1.10519342186196 -0.999056711586524 0.0314165249494227 -0.0299781419374923 58.5492861767625
-0.0241835171761511 0.066856979130669 0.997469449075265 22.0843847740159 0.032254168824249 0.997293998480712 -0.0660632211431576 -1.19179477550189 -0.999187082627897 0.0305749069642768 -0.0262744928338905 58.5869252416738
-0.0217661037889894 0.060266170489025 0.997945001200184 22.873471765378 0.0317079489671839 0.997720946006573 -0.0595610600312276 -1.24383699849256 -0.999260147658327 0.0303463769556898 -0.0236274143215411 58.5789926605209
-0.0190726879840133 0.0585526764977379 0.998102107325706 23.6608745635166 0.0296690310130295 0.997877213540161 -0.057972539154954 -1.29190799173612 -0.999377797017631 0.0285070302254731 -0.0207694019151154 58.5729551082865
-0.0158431010652793 0.063905878718641 0.997830163311289 24.4333050829932 0.0372817776014124 0.997299212590273 -0.0632799306707863 -1.33876843772021 -0.999179195743944 0.0361983318955313 -0.0181828369752024 58.5549865062582
-0.0124819867355226 0.0695305477628476 0.997501730792951 25.2135287096533 0.0389250333764464 0.996857083064721 -0.0689985341897778 -1.38379492005251 -0.999164171587321 0.0379665493756513 -0.0151492357803771 58.5461568990066
-0.0101888621249506 0.0700854404359367 0.997488956393754 25.9936860005589 0.0327915388460666 0.997027634842048 -0.0697180775794834 -1.42842264481269 -0.999410277147832 0.0319988499820342 -0.0124567865487701 58.5515969123777
-0.00769670679338619 0.0675488565644383 0.99768627968985 26.8710934009113 0.0304566706181797 0.997268787820259 -0.0672856303705807 -1.45028279679662 -0.999506454165951 0.0298683246324204 -0.00973299872906597 58.4610829624573
-0.00284960917624488 0.0631461424936467 0.998000222653139 27.9752529295976 0.032904292131435 0.997469779055045 -0.0630186276525304 -1.54679106538389 -0.999454444828213 0.032658912413783 -0.00492017815500634 58.5262427751628
0.000707331747838769 0.0641637252131192 0.997939134440861 28.746953232055 0.0375458331888507 0.997234039265724 -0.0641450024547783 -1.59738349137439 -0.999294656291103 0.0375138280710441 -0.00170370522762897 58.5229631829092
0.00357853656474039 0.0686585561591236 0.997633798917318 29.5209801420921 0.037311239855697 0.996936346930601 -0.0687443928557091 -1.64593153037522 -0.999297285824637 0.0374689582830092 0.00100583731321102 58.5310166172742
0.00724788915734587 0.0694522801632574 0.99755894506685 30.3026701339491 0.0336215445516433 0.997004194232575 -0.0696579387049012 -1.69288387083112 -0.9994083549004 0.0340443455331177 0.00489108295748442 58.5450173636692
0.0107053585941863 0.0688985203586466 0.997566232983935 31.0860661864484 0.0327861910867751 0.997062819988895 -0.0692155955678663 -1.74444475605858 -0.99940505350503 0.0334473749071899 0.00841499497483711 58.5619147413615
0.0144896843450419 0.0666913478912997 0.99766843849248 32.0012000859785 0.037654818447288 0.997029027277428 -0.0671954865591947 -1.78147482631526 -0.999185750346392 0.0385406653116779 0.0119353852912423 58.4902276986109
0.0180011250637687 0.0664648705703927 0.997626373186124 32.8233029032388 0.0421221812294139 0.996851778119759 -0.0671733154455836 -1.84956858601041 -0.998950289726629 0.0432313941428727 0.0151448082044183 58.5574269173519
0.0215447715591152 0.0673136317436165 0.997499221954559 33.6086725130406 0.0450584206370038 0.996651621604023 -0.0682296408005325 -1.89908174509285 -0.998752002024609 0.0464157315525205 0.0184395855777721 58.5732395676523
0.0241877423013693 0.06719395302201 0.997446703237641 34.3952731055043 0.0455258625029693 0.99662947194115 -0.0682428860883371 -1.94814504271243 -0.998670290419077 0.0470602628082433 0.0210471541709513 58.5959803539594
0.0276918625509927 0.0657473941916037 0.997451974235086 35.1887396918419 0.0468760071480303 0.996651479714305 -0.0669960292640157 -1.99824579412789 -0.998516800410647 0.0486118107079022 0.0245171604674019 58.6185551404742
0.0313987330094661 0.0646794871434071 0.997411992863664 35.9655321700026 0.0487846749496629 0.996615490129357 -0.0661635876013179 -2.04946041968728 -0.998315669042341 0.0507358726847916 0.0281370959314678 58.6393251006405
0.0342538587692042 0.0650041663187777 0.997296912419075 36.7526841150986 0.0472943155680723 0.996659128924725 -0.0665869990760594 -2.09858704915488 -0.998293504373522 0.0494473365532283 0.0310650934881058 58.6728450555592
0.0377178507756516 0.0677255044705051 0.996990782192635 37.8244169456049 0.0437704322444269 0.996631204346237 -0.0693569880005334 -2.15323544849639 -0.998329360979633 0.0462547140039337 0.0346264124392435 58.6615426757051
0.0400226092520111 0.0672847655565738 0.996930765435924 38.5623660379439 0.0454398417566407 0.996575377776419 -0.0690849997533417 -2.20772043442707 -0.998165022193121 0.0480653381740383 0.0368281378353976 58.7280841351725
0.0427130852575996 0.0669983161142982 0.996838411170851 39.3510085620024 0.0432965051541701 0.996687515456344 -0.0688433669636782 -2.2575434372351 -0.998148789003529 0.0461001320096733 0.0396708058839086 58.7665122350707
0.0450005171304205 0.067284357415891 0.9967185002322 40.13102331778 0.0416254807446629 0.996736442312537 -0.0691649038091021 -2.30730362055059 -0.998119368017058 0.0446013431779501 0.0420529116227675 58.8070981912657
0.0478145689615882 0.0673128591929946 0.996585543735349 40.9314411147387 0.038776753769834 0.996849512334586 -0.0691911347310584 -2.35964449983521 -0.998103266381836 0.0419526965231305 0.0450537555853774 58.8518936105467
0.0511926864718638 0.069207067322039 0.996287955705817 41.7224382567472 0.0375077830869346 0.996758955447925 -0.0711670636057454 -2.41066949384507 -0.997984205816754 0.0410117857090315 0.0484309650250703 58.893053420812
0.0547949310462188 0.0734309009687696 0.99579386336458 42.9033167575351 0.0372531079353631 0.996447477632213 -0.0755290028370365 -2.48169608578927 -0.997802446118868 0.041235022775738 0.0518647415484552 58.9210562670937
0.0580618912220185 0.0751014771542254 0.995484095762949 43.4921302965168 0.0370073269330582 0.996319036402418 -0.077322929687297 -2.52896564993557 -0.997626821281882 0.0413297209210309 0.0550688625958216 58.9811002590621
0.060852377235289 0.0773345817398519 0.995146396592952 44.2989130070618 0.0307546707260808 0.996375411672663 -0.0793107132905914 -2.58450688609668 -0.997672861419687 0.035431645195421 0.0582534128219229 59.0446549897015
0.0633557255273023 0.0765587181947186 0.9950501568822 45.0994314566055 0.0269649854282824 0.996557898670392 -0.0783916077045591 -2.64123248921774 -0.997626654417254 0.0317980701621126 0.0610732439796979 59.1087407108642
0.0669878135376125 0.0770521464260398 0.994774145004076 45.9087944296795 0.028912495230189 0.996445052920155 -0.0791285291820399 -2.70206358691606 -0.997334798579201 0.0340620498808977 0.0645219055894731 59.1661218233091
0.0708036938021637 0.0781184246471076 0.994426643184214 46.7176935065594 0.028023241848003 0.996379391317231 -0.0802670945944373 -2.76371073290944 -0.997096552426242 0.0335502651101029 0.0683582098269405 59.2294942641795
0.0752047856371086 0.0797538669148515 0.993973621847886 48.0463243956437 0.0240282300885587 0.996362069551701 -0.0817635035786884 -2.84967561875627 -0.996878570527067 0.0300324336472933 0.0730148515928993 59.3015563229705
0.0783795100121407 0.0775371240546626 0.993903741216215 48.7294556302853 0.0231426490474995 0.996560647079916 -0.0795694318612612 -2.90353441904173 -0.996654940390766 0.0292381785511937 0.0763155207653562 59.3855521525853
0.0832062556459678 0.077249823909372 0.993533685250455 49.5552690896094 0.0236819108943412 0.996556061402218 -0.0794681293279907 -2.97077354874255 -0.996250915240619 0.0301410216891994 0.0810902749641466 59.4570393435036
0.0882320947778152 0.080828357911596 0.99281512579555 50.3701406600826 0.0204563044625243 0.99634509062437 -0.0829337084450758 -3.03066278476321 -0.995889871953147 0.0276267433120748 0.0862561649687348 59.5381992406239
0.0942266251491337 0.0894152640512041 0.991527232943028 51.1808767926838 0.0185427271453587 0.995628079630184 -0.0915472245451781 -3.09511697126794 -0.995378074091959 0.0270118049483172 0.0921566710033335 59.6234259373575
0.101571479552761 0.0941551219640611 0.990362583879963 52.0299302380134 0.0170880986262693 0.995199127467146 -0.0963674923092386 -3.16611822128004 -0.994681472345194 0.0267116022837464 0.0994749158161642 59.7163102874608
0.109659456821731 0.0971077832431125 0.98921427505024 53.3576063041646 0.0132029395911776 0.994986100382064 -0.0991379969166431 -3.27673017395289 -0.993881525090247 0.0239319552084924 0.107827527117078 59.8473691938126
0.116107032552813 0.0955118709482139 0.988633723630624 54.1231339900077 0.00859818833918456 0.995231722854323 -0.0971590910913655 -3.34667694929428 -0.993199490610554 0.0197813127063924 0.114732172987999 59.9457230570129
0.123644440762736 0.0937640782910746 0.98788681026254 54.9741603828335 0.0084732775089381 0.99538984072521 -0.0955367392645284 -3.42269807050145 -0.992290409021838 0.0201832257894321 0.122279931141647 60.0590312690693
0.131044449729368 0.0902780171156012 0.987257429357107 55.8153826282447 0.00804349872561506 0.995715507249401 -0.0921191117592813 -3.49921363994299 -0.99134386280613 0.0200127021849411 0.129756839618876 60.1759011452594
0.138567556638123 0.0847221175620764 0.986722450866067 56.6733853465757 0.00593540698694707 0.996245164306078 -0.0863732802471644 -3.57275015760644 -0.990335197390883 0.0178251337317174 0.137544397981911 60.3015128411174
0.146518885735973 0.0778975007666458 0.986135992395065 57.7644167330567 0.00339466569839962 0.996849140627872 -0.0792481360933406 -3.65615925925671 -0.989202048303321 0.0149589506243898 0.145792789357815 60.4637331049666
0.153130450767849 0.0745122757619682 0.985392807873291 58.7207434161254 0.0028495724380115 0.997115809831379 -0.0758415566904687 -3.74290200405885 -0.98820187461093 0.0144215999488773 0.152476465299923 60.6073868142716
0.160350794315564 0.0763101594746691 0.984105879630499 59.5437766675087 0.00247683136645631 0.996972814300711 -0.0777114718153176 -3.8087754873426 -0.987056983192333 0.0148985605436007 0.159676375287576 60.7447644064634
0.166105745706153 0.0827892283748317 0.982626493082953 60.3633873630816 0.00289862438226843 0.996424203967469 -0.0844417179153002 -3.87609668497916 -0.98610368583638 0.0168745196345428 0.16527181056372 60.8918610242993
0.171132975308614 0.0863410499676366 0.981457450861986 61.1679851677295 0.00132376372388891 0.996131706402624 -0.0878627972978292 -3.94010874390428 -0.985247051460508 0.0163354396905068 0.170356687566099 61.0405870332212
0.176189440696135 0.089217872183491 0.980304775195058 61.9671649845202 -3.84975221234368e-05 0.995884733663739 -0.0906288903906771 -4.0120781606235 -0.984356276713429 0.015930114204074 0.175467808889042 61.1908415528721
0.181965338613327 0.0893731892107567 0.979234930235659 62.833518045741 -0.00150872559709458 0.995885086242727 -0.0906124646303604 -4.08321387729511 -0.983303787895892 0.015010931004236 0.181351406556376 61.3908207931707
0.186814564687342 0.0862628731943349 0.97860054931976 63.6774943828187 0.00276372824440025 0.996087263138549 -0.0883319082741078 -4.16009756894587 -0.982391307080264 0.0192062729703703 0.185845201314744 61.5431732593901
0.19141613534292 0.0795020824364264 0.978283845322334 64.4566005154396 0.00339593890697362 0.996654502634378 -0.0816594757364984 -4.22535315080163 -0.981503097666697 0.0189531334320034 0.190505768951462 61.6975086607953
0.194657045855226 0.0732483738786323 0.978132562704592 65.2318916819755 0.00149853545656167 0.99718441471623 -0.0749733115084022 -4.29213851514233 -0.980870220207751 0.0160598496626396 0.193999207056141 61.8582394922739
0.197918356507947 0.0697750011062522 0.977731953746944 65.9913862489163 -0.00202330250969981 0.997490220486508 -0.0707754638326915 -4.35227874924106 -0.980216420186965 0.0120295159670241 0.197562801006292 62.0253532451124
0.201449700895453 0.0705438107405302 0.976955264469841 66.9151069293928 -0.00467663699245653 0.997461068255265 -0.0710601602975062 -4.41254706978598 -0.979487696234911 0.00974618290772079 0.20126814164978 62.230707607829
0.203709905387562 0.0724758801961432 0.976344980648124 67.6166003727998 -0.00664478583625948 0.997335533676604 -0.0726476433698593 -4.47036248298349 -0.979008744224576 0.00831144125878972 0.203648713907112 62.3761256200942
