0.99999999990945 -2.07703396024173e-06 1.32960542906931e-05 -0.000112539832335976 2.07705806836625e-06 0.999999999996199 -1.81316530588964e-06 6.09522018299833e-05 -1.32960505246366e-05 1.81319292240231e-06 0.999999999909964 4.63638823289345e-05
0.999997296863638 -0.00203342883171795 -0.00112757820301273 -0.00581250619143248 0.00203412934241321 0.999997738674767 0.000620454003383731 -0.0346965081989765 0.00112631400413245 -0.000622745966120567 0.99999917180177 0.506531238555908
0.999990503438089 -0.003441793558789 -0.00267340433467501 -0.00257270842496059 0.00344066430695429 0.999993989780434 -0.000426886560528972 -0.0508914752233603 0.00267485752234233 0.000417684219701948 0.999996335331849 1.05642142959126
0.999984835135417 -0.00263747925794927 -0.00483458398993817 -0.0115142655171905 0.00261910177109133 0.999989336208219 -0.00380365294930625 -0.0371453664342283 0.00484456449069938 0.00379093299993382 0.999981079331947 1.66348646545967
0.999968936193367 -0.00488939009264289 -0.00618227408229844 -0.0300116707875092 0.00485301160055253 0.999970903014083 -0.00588569482770557 -0.07096854519935 0.00621087165473543 0.00585550934778035 0.999963568378152 2.21622197665824
0.999942940016231 -0.00780778969998696 -0.00729075659295441 -0.0493005926172994 0.00775508470879472 0.999943794784152 -0.00722951822934265 -0.0944405384721143 0.00734679337237334 0.00717256527818026 0.999947288077964 2.74960275838229
0.999917842006514 -0.00830016640895971 -0.00976813567777407 -0.0274378488584199 0.00822006762612332 0.999932496255299 -0.00821178548606072 -0.0733684380961148 0.00983563547808605 0.0081308160863898 0.999918571736975 3.33623490875307
0.99987374422117 -0.00802811188005084 -0.01371295142483 -0.0245005862836466 0.00791242348424109 0.999932824445598 -0.00846995577644432 -0.0917757933638631 0.0137800280023079 0.00836038371668903 0.999870098969044 3.91476137595494
0.999879897413936 -0.00902115758951916 -0.0126019626742074 -0.0451736227901749 0.00892111164958756 0.999928422344468 -0.00797270058627287 -0.103168856818504 0.0126729836436669 0.007859319528294 0.99988880710913 4.49082284612009
0.999883529882249 -0.00893625525787082 -0.0123721466277708 -0.0981753941562428 0.00880769776364028 0.99990705857761 -0.0104066645365061 -0.127086291343337 0.0124639933535465 0.0102964823428773 0.999869307120208 5.105314079033
0.99986969942798 -0.00663765296752074 -0.0147148132466679 -0.0729992820426364 0.0064223090204553 0.999872295281204 -0.014633764927161 -0.135772961787556 0.0148100679487748 0.0145373550613717 0.999784640407709 5.6730539144972
0.999882205047659 -0.00459002855392292 -0.0146460802573709 -0.163093266743644 0.00435192540759139 0.999858525057487 -0.0162477880067571 -0.197262251542189 0.0147185860148976 0.0161821354505496 0.999760722232066 6.23319553310702
0.999848017616191 -0.00335401830738546 -0.0171082503537404 -0.106156786291585 0.0030442477005752 0.999831537649251 -0.0181005214806477 -0.162696375639215 0.0171660777380879 0.0180456887684447 0.999689791331272 6.8978810008419
0.99978996254317 -0.0005893333903461 -0.0204861778787883 -0.144719476070499 0.000347795592276793 0.999930413291282 -0.01179184520555 -0.187500809709423 0.0204917016412089 0.0117822434740028 0.999720595417823 7.57203249067405
0.999818699929917 -0.000103186025923286 -0.0190409197019 -0.142984967073192 8.74122076790059e-05 0.999999652353996 -0.000829247245335144 -0.189298020666013 0.0190409986491281 0.000827432493924067 0.999818361366659 8.19764525278138
0.999792834249181 0.000791784890883192 -0.0203386740147152 -0.148237842778342 -0.000675906978074057 0.999983505571237 0.00570365980900836 -0.204404845153415 0.020342854611565 -0.00568873115435029 0.999776878410431 8.85070469920908
0.999775983913687 0.00321643061333052 -0.0209197649013455 -0.182718315712833 -0.00311253281815483 0.999982670139438 0.004997155216375 -0.220976393889116 0.0209354753677543 -0.00493092231841721 0.999768669181134 9.53779596260209
0.999732028571282 0.00403807065208731 -0.0227939692497499 -0.198714638789409 -0.00406490420925671 0.999991098644658 -0.00113101070726833 -0.237719612478641 0.0227891992513858 0.00122336293026219 0.999739543971639 10.22720284744
0.999725319286223 0.00506321543152637 -0.0228833963290636 -0.228749179589789 -0.00525299597577664 0.999952245783653 -0.00824088499537064 -0.227162632855116 0.0228405781743265 0.00835882777202663 0.999704175237325 10.9270371823119
0.999733765016989 0.00249418898537039 -0.0229385724547354 -0.287658466642582 -0.0026564314743724 0.999971654131908 -0.0070451617808576 -0.225399878025877 0.0229203502760724 0.00710422085817649 0.999712052337682 11.6705265371945
0.999698168400658 0.00194077121266511 -0.0244909269622274 -0.265926195630492 -0.00187586389864019 0.999994668207189 0.00267295563522567 -0.242097330135787 0.0244959839770287 -0.00262620720701865 0.999696478839804 12.4096274377593
0.999663948746729 0.00127731492946954 -0.0258912734848661 -0.276508315856532 -0.00100288458301452 0.99994321419338 0.0106095528239667 -0.255625850137444 0.0259033549682339 -0.010580021511431 0.999608463022501 13.1859353742236
0.999677498444912 0.000621192950293708 -0.0253872649618265 -0.311665368811271 -0.000301166769984781 0.999920474990646 0.012607656128641 -0.253425861599886 0.0253930778264498 -0.0125959443393462 0.999598186165171 13.9654469587998
0.999661604532071 -0.000336794716944446 -0.0260108245483242 -0.325561927898252 0.00064517401101998 0.999929598004228 0.0118483241683422 -0.256201050017144 0.0260050028813798 -0.0118610962571448 0.999591443651214 14.740209734726
0.999682856159881 -0.00170844915757147 -0.0251250532635796 -0.356279696403606 0.00193588554492462 0.999957349038513 0.00903063956905199 -0.254248024087383 0.0251085532673364 -0.00907641478476875 0.999643526086913 15.5787523798253
0.999716482050167 0.000983591623137662 -0.0237905036675949 -0.392454037408273 -0.00083131458416266 0.999979111521572 0.0064097922423088 -0.265049973476678 0.0237963113381278 -0.00638819755848995 0.999696417168058 16.3853794047805
0.999716314830432 -0.00229111330315812 -0.0237073967717269 -0.404386130997087 0.00229409229480218 0.999997363719605 9.84600596159741e-05 -0.26104841446457 0.0237071086892292 -0.000152819084221103 0.999718935323286 17.2590420173184
0.999733302151746 -0.00517909189479793 -0.0225055898814198 -0.431389620943239 0.00503378850888244 0.999966151666099 -0.00650818679356359 -0.273053996447481 0.0225385346021712 0.006393162694419 0.99972553329839 18.1209103061633
0.99975342502803 -0.00414162117663731 -0.0218159601840701 -0.446712819605802 0.00388890254055019 0.999924994857309 -0.0116138321255158 -0.284348241104946 0.0218624239679365 0.0115261283022007 0.999694544740846 19.0027830621576
0.999764164547691 -0.00333117976824712 -0.0214596954220902 -0.47613734141487 0.00307263139203163 0.999922436198614 -0.0120698186795819 -0.301874820360547 0.0214982376623285 0.012001034454617 0.999696854526127 19.936679783708
0.999754694078949 -0.00264342907448699 -0.0219900875358932 -0.496066052758033 0.00238366704734279 0.999927175769943 -0.0118305235790005 -0.323451155314007 0.0220197592746946 0.0117752044344899 0.999688188767883 20.8252891474193
0.999754760833698 -0.00107284000693413 -0.0221193852689304 -0.523798757261211 0.000779898367161199 0.999911936766007 -0.0132480365107314 -0.347714950514205 0.0221316503879117 0.0132275367008485 0.999667555902429 21.7565835740312
0.999758093761672 0.00173826354127062 -0.0219256105476835 -0.553407069338774 -0.00207257182488416 0.999881809520625 -0.015233891025955 -0.369632741167347 0.0218965386319002 0.0152756482553464 0.999643534549352 22.7010733336993
0.999747215589771 0.0050453326119651 -0.021910032846511 -0.583259830084299 -0.00539859963257481 0.999855901934751 -0.0160944241354523 -0.393357123656578 0.0218256739302069 0.0162086392112141 0.999630391681052 23.6570510372396
0.999734388853488 0.00707780720485648 -0.0219329977183831 -0.614309901570582 -0.00740552799166935 0.999861610949633 -0.014896882370821 -0.440299610971231 0.021824525170283 0.0150553510213597 0.99964845146017 24.6216060775196
0.999727187860819 0.00754219911240736 -0.0221057703880003 -0.637664728096116 -0.00789924949609048 0.99983903251925 -0.0161093422699222 -0.453861959592195 0.0219807122108612 0.0162795664413948 0.99962584200649 25.5970403227415
0.999716944064778 0.00781746394896249 -0.0224704029155676 -0.666920371886081 -0.00817480582519872 0.999840880547688 -0.0158551611579387 -0.480021873453255 0.0223428802866053 0.0160343644411178 0.999621775902 26.5825373066818
0.999699023639307 0.0087637064673063 -0.0229141786580103 -0.695878950372108 -0.00910366590251913 0.999849411478463 -0.0147742219188063 -0.509257657382932 0.0227812511015447 0.0149783782541943 0.999628262297101 27.5787563572446
0.99959177180747 0.00851672664025065 -0.0272718738288705 -0.656366884872519 -0.00883550888483994 0.999893797703803 -0.0115899566958915 -0.557806886143333 0.027170269000297 0.0118261862323393 0.999560862479944 28.5060288578377
0.999674946509057 0.0100209433166686 -0.0234431656812492 -0.752192353084583 -0.010295360467564 0.999879548705396 -0.0116143718528734 -0.565332611272636 0.0233239549595969 0.0118519524019468 0.999657703591237 29.5905569333078
0.999673659021122 0.00989814371450215 -0.023549993849873 -0.782474228418714 -0.0101970987112449 0.999868514542048 -0.0126084418288868 -0.594590341044801 0.0234220971989086 0.0128444687895746 0.999643148820777 30.6017132826638
0.999655205279034 0.0111918159865834 -0.0237531853327942 -0.81576995957219 -0.0115157125995177 0.999841972257786 -0.0135432224742207 -0.620309834326126 0.0235978584167488 0.0138120876982223 0.99962611376032 31.6263615830125
0.999647956499083 0.0110161078322403 -0.0241372830997099 -0.847276369029856 -0.0113238966310827 0.999855834841231 -0.0126522290144045 -0.647423050064744 0.0239944250253187 0.0129211029781842 0.999628587359091 32.6603243476128
0.999642082772522 0.0103115555466351 -0.0246855863293515 -0.875931442440446 -0.0105626468443839 0.999893578798128 -0.0100628807959281 -0.676218273424068 0.024579195305299 0.0103200242480766 0.999644616980286 33.6983068455693
0.999625836389841 0.010674588513611 -0.0251841295655804 -0.908305088795143 -0.0108360478607779 0.999921546299897 -0.00628341563020218 -0.702966396038511 0.0251150809011197 0.00655396103803052 0.999663082396285 34.7550501794277
0.999611750826099 0.010988650649281 -0.0256046317546203 -0.941134789448227 -0.0110932151221866 0.999930684995723 -0.00394534944432378 -0.726148016362564 0.0255595029027277 0.00422785535383965 0.999664362198869 35.8104394084734
0.99959877601733 0.0109529422948875 -0.0261212564732276 -0.97523380001854 -0.0110468399854314 0.999933019502398 -0.00345309066684959 -0.74821649699246 0.026081685355658 0.00374026254453787 0.999652817794811 36.874109246927
0.999590506567004 0.0104701490746102 -0.0266307183432211 -1.00820869956571 -0.0106038181177574 0.99993185488835 -0.00488309541879671 -0.770334048867319 0.026577776852966 0.00516348311694676 0.999633412916783 37.9430644573811
0.999565558905963 0.0109782250982776 -0.0273527333679977 -1.04501136040683 -0.0111296474868292 0.999923537405987 -0.00538983193768648 -0.793023205412146 0.0272914711187972 0.00569191665338985 0.999611313305818 39.0191075149619
0.999551470157616 0.0107091730171515 -0.0279673402209954 -1.08136025140211 -0.0108297896348818 0.99993268253424 -0.00416485970277489 -0.815438266536786 0.0279208553273785 0.00446587205014941 0.999600160976687 40.0942145707432
0.999526785113901 0.010791498782469 -0.0288053709210278 -1.11817388897886 -0.0108584937016824 0.999938689436985 -0.00217036438762342 -0.838054631600717 0.0287801833628722 0.00248212027760754 0.999582682985518 41.1728364850808
0.999510435244129 0.0107985907212365 -0.0293646092520775 -1.15414002143775 -0.0107925686125738 0.999941692439425 0.000363571342173217 -0.859883590039823 0.0293668231314669 -4.64737903233785e-05 0.999568700760159 42.2498050792054
0.999478761510778 0.0121231520346872 -0.0299204691411405 -1.19292716058971 -0.0121224851368952 0.999926499230775 0.000203691412780301 -0.884016542947577 0.0299207393456083 0.000159125201476372 0.999552261783336 43.3219472833764
0.999452478014709 0.013346239589622 -0.0302757671921434 -1.23237566438485 -0.0134609293176039 0.999902961862839 -0.0035875116483936 -0.906192469221927 0.0302249494981039 0.00399308736910329 0.999535145795834 44.387894266236
0.999431550233094 0.0145695414645116 -0.0304023824755286 -1.27287760434218 -0.014805267944556 0.999861944895729 -0.00754289005748008 -0.928339221399783 0.0302882888219912 0.00798871772208819 0.999509279571427 45.4730676773517
0.999424808129481 0.0150304017562412 -0.0303996697086529 -1.31441490521375 -0.0152748673633059 0.999852708920624 -0.00782552816896407 -0.956054837594064 0.0302775712761545 0.00828537791146675 0.999507189163981 46.5498347074229
0.99942222308873 0.0154759007317896 -0.0302608078695814 -1.35408460687614 -0.0156349433156156 0.999865133939786 -0.00502617937315873 -0.981870200373067 0.030178942060606 0.00549640137849066 0.999529399781712 47.6333731988994
0.999423830036732 0.0161454858566326 -0.0298551710958442 -1.39390519878957 -0.0162423736152113 0.99986356658007 -0.00300558232720172 -1.00466936384419 0.0298025712657942 0.00348876944422742 0.999549716239123 48.7156162763294
0.999479581896054 0.0149477053920231 -0.0285855116519123 -1.45437703064192 -0.0150108777762668 0.999885336954895 -0.00199661988931182 -1.02592790791195 0.0285523890642151 0.00242467443375363 0.999589356702349 49.7511992893692
0.999457680894241 0.0145661010886443 -0.0295325718585701 -1.46797571852478 -0.0146504004450698 0.99988919174581 -0.00264007513339581 -1.0511398155459 0.029490843804566 0.00307130737411117 0.999560331947356 50.8769822411477
0.999477289439786 0.0138317734702811 -0.0292203685254992 -1.50529017690741 -0.0139679985450485 0.999892482466243 -0.00446301738049864 -1.07407248959958 0.0291554953781389 0.00486883457923339 0.999563030298288 51.9577448598266
0.999485275827793 0.0139324333879298 -0.02889758992254 -1.54280769792698 -0.0141299732768535 0.999878100112994 -0.00664294886513932 -1.09717685570298 0.0288015148670307 0.00704785175215466 0.999560303597059 53.0306528030552
0.999502224681429 0.012841243553359 -0.0288167541697063 -1.57917381876802 -0.0131084289833167 0.999872651466846 -0.00910219414477966 -1.12594036002438 0.0286962009064495 0.00947540567275284 0.999543268068408 54.1085475873665
0.99952451233531 0.0112693495170558 -0.0287010627385682 -1.61338089793549 -0.0116288528965357 0.999855620620039 -0.0123898222274212 -1.15775375701095 0.0285572936597908 0.0127176914563454 0.999511251213737 55.1873576273848
0.999544564254575 0.009664746232683 -0.028587702765157 -1.64703204946418 -0.0100724905467977 0.999849100649841 -0.0141534753290254 -1.18931694116475 0.0284465991520216 0.0144349786962953 0.99949108169444 56.2682997952748
0.999567023678595 0.00806112005289418 -0.0282981186266549 -1.68060547757053 -0.00839955001021862 0.999894376284831 -0.0118610216084051 -1.22061333023953 0.028199516555098 0.0120935775295007 0.999529155477016 57.3566603969014
0.999585182024903 0.00670397756272106 -0.0280092941910334 -1.7122178788041 -0.00687423111414209 0.999958451900362 -0.00598660334580454 -1.250338626452 0.0279679964035804 0.00617666235674008 0.999589735851314 58.4410565368326
0.999597853250577 0.0054817965360956 -0.0278223234754758 -1.74616604614156 -0.00548428772844409 0.999984961093429 -1.32319679147009e-05 -1.2757587595578 0.0278218325231966 0.000165812273935169 0.999612884141326 59.5359086557056
0.999610866815395 0.00379263498382872 -0.0276356810021683 -1.77821515180565 -0.00377466664552719 0.999992629288433 0.000702325082347635 -1.29842546142818 0.027638140970212 -0.000597736301046399 0.999617814904789 60.6248378889499
0.999621986969047 0.000511114259522234 -0.0274885781783706 -1.8090633603362 -0.000573952228886723 0.999997240358748 -0.00227812504628175 -1.31858683305465 0.0274873379375602 0.00229304101604252 0.999619521726144 61.7065638747964
0.999623147788001 -0.000823163713740269 -0.0274387464711591 -1.84415817539965 0.00067220287172456 0.999984591094252 -0.00551050971886338 -1.34147331650902 0.0274428597217457 0.00548998866691215 0.999608298022145 62.7842201439659
0.999623604333313 0.000936352410730045 -0.0274184774164853 -1.88069739548648 -0.00119726219776951 0.999954148034017 -0.00950096799243091 -1.37301671999489 0.0274083239711075 0.00953021897578038 0.999578890685157 63.8693631362619
0.999619788431478 0.00116212387263853 -0.0275486486839581 -1.91611189112826 -0.00154635982925605 0.99990177231297 -0.0139303444558737 -1.39756820835717 0.0275297538580708 0.0139676481014333 0.999523395153424 64.9656215973303
0.999622738357612 0.00525897852121967 -0.0269578208196078 -1.93652431661464 -0.00565312418789167 0.999877936342924 -0.0145655278493964 -1.42925947677793 0.0268779304513016 0.0147124287433658 0.999530450409154 66.0154033539359
0.999631319792777 0.00836678851900457 -0.0258306279294442 -1.99634198936107 -0.0086465354088602 0.999904968147177 -0.0107374158910135 -1.46213184404218 0.0257383355090117 0.0109568026573228 0.999608666709505 67.156442641791
0.999620904671357 0.00975033858371747 -0.0257483560935729 -2.03337421368187 -0.00997750726294715 0.999912297844803 -0.00870895903907675 -1.49290618629029 0.0256611826079079 0.00896256192332026 0.999630519837672 68.2517559681479
0.999626205367379 0.00926590050521417 -0.0257214430124227 -2.06591097731957 -0.00947149437511176 0.999924073242215 -0.00788280058092602 -1.52026794373536 0.025646448820764 0.00812347453519077 0.999638068915125 69.3457720582551
0.999636173084176 0.00774392816348281 -0.0258370477845743 -2.0999446900026 -0.00793001028877517 0.999943297787701 -0.00710747115910565 -1.5489420890749 0.0257805430207255 0.00730977332455777 0.99964090093168 70.4527674202082
0.999638240603904 0.00670779379462634 -0.0260459867299954 -2.13373484845688 -0.00685779079839602 0.99996038810256 -0.00567388148829683 -1.57631182751678 0.0260068957720016 0.00585044683648821 0.999644643683003 71.5468689301439
0.999609011392773 0.00460867251299942 -0.0275786961263644 -2.14313971761673 -0.00470941359643964 0.999982470018786 -0.00358902197066701 -1.59793735338728 0.0275616720454346 0.00371749819047497 0.999613192410576 72.6431808496116
0.999629261840235 0.00396502650657956 -0.0269372871230288 -2.19595132643104 -0.00401884619140815 0.999990034591058 -0.00194411775984076 -1.63113548977881 0.0269293102034972 0.00205165381496136 0.999635234957526 73.7341810625298
0.999615062307818 0.00353184713118334 -0.0275182351029225 -2.23388028097066 -0.00362213460955636 0.999988217575239 -0.00323184955816062 -1.65632024525217 0.0275064964727975 0.00333028024921042 0.999616077244286 74.8158087721235
0.999597527210036 0.00374104326243101 -0.0281209564362607 -2.26873915944512 -0.00393819186988849 0.999968033583087 -0.00695862463214397 -1.68422191223012 0.0280940249942474 0.00706656969708473 0.999580306604896 75.9012925745588
0.999578702135053 0.00430704524565183 -0.0287030938969234 -2.30942029434329 -0.00456894206307021 0.999948473845962 -0.00906501084145537 -1.70997529711389 0.0286625715250395 0.00919233454478805 0.999546876329064 76.9848813990999
0.999546869170337 0.00636560378266238 -0.0294199833490826 -2.34703223105708 -0.00658225176126395 0.999951887538361 -0.0072730028337833 -1.74006334078151 0.0293722708269123 0.00746335694919094 0.999540678516647 78.0639341411543
0.999526629111774 0.00737426422852005 -0.0298686779677522 -2.38805060521379 -0.00746615887096181 0.999967728356489 -0.00296626318404113 -1.76641076762624 0.0298458400479342 0.00318786333637583 0.999549430173006 79.1447536055829
0.999501361667994 0.00871823069960654 -0.0303483191840244 -2.42414045990797 -0.00868818080233447 0.999961627697089 0.00112189470724239 -1.79282699397677 0.0303569355860063 -0.000857663603419127 0.999538754063578 80.2258642983892
0.99947535173625 0.0103135247628549 -0.0307026461182896 -2.47227886354697 -0.010277617382692 0.99994630324166 0.00132710748365046 -1.81119723407292 0.0307146846416162 -0.00101086116957338 0.999527681611201 81.2786316201409
0.999455910038665 0.00972325573201669 -0.0315173315297077 -2.50820149116093 -0.00973778390270389 0.999952539379586 -0.000307494686231582 -1.83643811597686 0.0315128458481291 0.000614236345085809 0.999503158204247 82.3652514303392
0.999418700995486 0.0096150366124832 -0.0327079680114275 -2.53551349791429 -0.00963419799100431 0.999953498321772 -0.000428279254567388 -1.86978123606694 0.0327023291153105 0.000743145335968582 0.999464859515052 83.3706300530265
0.999415854388949 0.00988582488620332 -0.0327142241590261 -2.58498841264443 -0.00992981210064007 0.999949999139597 -0.00118239264491413 -1.8807419687015 0.0327008994930364 0.00150654805435741 0.999464047119908 84.4562346240369
0.999405195293278 0.00765453416686412 -0.0336253435297448 -2.62762248224148 -0.00770578096867328 0.999969337372152 -0.00139472404530355 -1.89790078229463 0.0336136365254918 0.00165300398911344 0.999433535067412 85.5461548077233
0.999400390776973 0.00667718697747998 -0.0339746094738688 -2.66494949386473 -0.00665996316062047 0.999977629930073 0.000620104936665841 -1.92845564408874 0.0339779900160869 -0.000393463468534138 0.999422503939633 86.5297281102096
0.999375601727036 0.00682009317753486 -0.0346683285113899 -2.70238915908882 -0.00670597704000783 0.999971711162384 0.00340686761007581 -1.95281165284953 0.0346905829392185 -0.00317225535281103 0.999393065941181 87.5315860237455
0.999296077073429 0.00641032610794937 -0.0369629282504069 -2.71296080778829 -0.0062369011865364 0.999969004783226 0.00480526132827895 -1.98358422420383 0.0369925858685813 -0.00457134466359898 0.999305084245408 88.5241047918372
0.999284661753774 0.00362744639838126 -0.0376431456745048 -2.78109333413033 -0.00345577009126386 0.999983334806398 0.00462469053576571 -1.9935555382626 0.0376592941612219 -0.00449129626078548 0.999280544102194 89.4676115008432
0.999136789303283 0.00421238159792066 -0.0413271351777609 -2.82685940291689 -0.00403566717321941 0.999982358339273 0.00435848605502884 -2.01537902109285 0.0413447657049163 -0.00418794120044456 0.999136162641162 90.4429585983154
0.9990101749954 0.00377447318988916 -0.044321818642732 -2.86983923233459 -0.00364891423439125 0.999989098544944 0.00291345433809472 -2.03436056807127 0.0443323322257072 -0.00274884401320154 0.999013057059827 91.337297388887
0.998871550184315 0.00343247654352524 -0.0473692340782626 -2.91488687690036 -0.00328421569340912 0.999989463290511 0.00320737201388635 -2.05357113837093 0.0473797441916084 -0.00304818187358385 0.998872298358305 92.2275298385892
0.998754814385688 0.00428924469326652 -0.0497033512086516 -2.98989343186459 -0.00403349013548391 0.99997811138326 0.00524477947064891 -2.07837239183002 0.0497247594135581 -0.00503777076990123 0.998750253650498 93.0481460963201
0.998553881575893 0.00541683106525797 -0.053486479889103 -3.02100232567843 -0.00513086330618899 0.999971808306276 0.00548241136813036 -2.09200560387248 0.053514669310855 -0.00520005133500216 0.998553523670446 93.9418323832024
0.998351851616768 0.0066672224593929 -0.057001127340156 -3.07342132595356 -0.00624802635786929 0.999952135278561 0.00752923093532547 -2.11469608488524 0.0570485980546681 -0.00716067709948287 0.998345722765152 94.721486156725
0.998188361035643 0.0120969965630642 -0.0589377516294032 -3.13391361748602 -0.0116281027537339 0.99989800779655 0.00829223919329404 -2.12020600311685 0.0590320516272696 -0.00759188241764895 0.99822721872429 95.5256578902431
0.997975986075395 0.00868707113558087 -0.0629957618568849 -3.14982075309248 -0.00814681973804094 0.999927847050076 0.00882779825070987 -2.14631568673304 0.0630679042382087 -0.00829671554801823 0.997974751166639 96.285902422283
0.997850913424194 0.0120000495041409 -0.0644170271776061 -3.24064140275103 -0.0115582787969742 0.999907089213637 0.00722628061753811 -2.15127408240341 0.0644977578660972 -0.00646620075547892 0.997896902228901 97.0433046071763
0.997702420430028 0.0130024147618754 -0.0664892282886795 -3.30397691157758 -0.0127214981502091 0.999908281820761 0.00464665805364088 -2.19263451582063 0.0665435477929919 -0.00379013939234492 0.997776323175945 97.7484617001851
0.997465007774897 0.0156891126709334 -0.0694075644884816 -3.3542678080575 -0.0157277544313096 0.999876311168107 -1.02667943968213e-05 -2.18302896572217 0.0693988184710114 0.00110186589810297 0.997588387004565 98.4129006626065
0.997290923782197 0.0179411621919462 -0.0713367229472581 -3.40441215893305 -0.0181902054397675 0.999830502712374 -0.00284293369273293 -2.19770937015324 0.0712736260317282 0.00413286161448756 0.997448239101742 99.0853360364498
0.997198952019615 0.0195543011981359 -0.072193347308696 -3.46401415837905 -0.0198625377783696 0.999796403283143 -0.00355409272452159 -2.21221620011783 0.0721091511805836 0.0049780806285394 0.997384323633208 99.6628006924087
0.99719406705791 0.0217099567131358 -0.0716426577118511 -3.50979394841573 -0.0219895309409351 0.999753345577712 -0.00311585223819844 -2.23044265038469 0.0715573417162862 0.00468249780420617 0.997425496496261 100.241009603714
0.99736156243494 0.0255329496445568 -0.0679557375045294 -3.55661549567531 -0.0256988085425103 0.999668502199412 -0.00156746606951615 -2.24887011433467 0.0678931882947868 0.00330971189565037 0.997687105655043 100.814593084001
0.997608037679103 0.027987976863274 -0.0632050338909106 -3.59322225589128 -0.028083107413544 0.999605401307941 -0.000617052664096386 -2.26138304109472 0.0631628232115196 0.00239057045320899 0.998000372212786 101.387631417795
0.9980384170927 0.0293406261696961 -0.0553032156666114 -3.63191258699627 -0.0292843876648175 0.999569450315464 0.00182719324026993 -2.27568938767511 0.0553330158783549 -0.00020408824254943 0.998467934238148 101.877449188478
0.998528848232056 0.028840953516303 -0.0459166489264473 -3.64774673479151 -0.028679146109382 0.999579933224405 0.00417895603360822 -2.28467356670306 0.0460178859444986 -0.00285595787163644 0.998936533358268 102.371860789963
0.999013634707736 0.0290422282278733 -0.0335902760869529 -3.66118382976004 -0.0288790633610971 0.999568688457127 0.00533261244472878 -2.300555457646 0.0337306591608189 -0.00435729682946435 0.999421460944739 102.854593722025
0.999338798798101 0.0284791219438554 -0.0226032039780858 -3.61865989095131 -0.0283406083915717 0.999577675641621 0.00642497275401201 -2.32463439613228 0.0227766356770159 -0.00578013600196715 0.999723869323442 103.308392367565
0.99960216776703 0.0277254561360507 -0.00517738133636439 -3.65763345151112 -0.0277014721721905 0.999605433968058 0.00464809864605971 -2.32277739402647 0.00530420917268201 -0.00450282839758217 0.999975794657788 103.744510474225
0.999596135642004 0.0257435433877453 0.0120347656153121 -3.61622649420752 -0.0257801291122825 0.999663445926695 0.00289479203386484 -2.35672930003888 -0.0119561930616007 -0.00320388074193735 0.999923389363238 104.163492869754
0.99896832577154 0.0265120190095768 0.0368700007220279 -3.624560345976 -0.026432340396219 0.999647100317816 -0.00264692413205343 -2.34190063956977 -0.0369271646133969 0.00166963295914822 0.999316564877915 104.580272217371
0.998157059657517 0.0231406802443334 0.0560980674684013 -3.53668542954531 -0.022799818564628 0.999717541038428 -0.00670868194950979 -2.37338887761694 -0.0562374655303725 0.00541729248879435 0.998402724561993 104.980182574864
0.996117109759853 0.0225952012250934 0.0850891328271406 -3.51566188041802 -0.0217485790644237 0.999704444895332 -0.0108638006791163 -2.36756190517403 -0.0853094540619956 0.00897105000067411 0.996314115783536 105.394993644721
0.9934650278362 0.0191826412940491 0.112513398043973 -3.39724443277196 -0.0179318266255512 0.999765767068467 -0.0121186051949501 -2.38765890442901 -0.112719510557351 0.0100218397005609 0.99357630540826 105.772083965255
0.988928036379495 0.0179058451210241 0.147311640996555 -3.36307062843101 -0.0159694543079889 0.999769971191448 -0.0143171656746567 -2.39054707163114 -0.147534116026433 0.0118061600172288 0.98898650101705 106.158836387298
0.983220853843892 0.0140429639280167 0.181877837381591 -3.2391192149991 -0.0116475264828328 0.999830877361904 -0.0142320694404314 -2.42693814099165 -0.182046938159695 0.0118748405396441 0.983218134733508 106.521959084744
0.975022989117672 0.0169268229040827 0.221458017146398 -3.14738413747872 -0.0133069864970917 0.999752523698897 -0.0178273797304352 -2.42422980792128 -0.221704972435006 0.0144351662290649 0.975006939038658 106.880270983703
0.96571559876925 0.00887779671467214 0.259450509768706 -2.99700102014216 -0.00491388554547418 0.999861151314049 -0.0159226826191855 -2.45829030097634 -0.259555843745801 0.0141018728698811 0.96562513490431 107.241913365717
0.953116608751652 0.0106714318756899 0.302415030485379 -2.89115469135988 -0.00535895892038851 0.999816506697006 -0.0183911526415885 -2.45308082668248 -0.302555799285091 0.0159082833115056 0.952998906002017 107.562915225827
0.938306844495057 0.011760157373047 0.345603767734513 -2.70679712218246 -0.0057924351980514 0.999815848656874 -0.018295258101766 -2.48350603277842 -0.345755279450952 0.0151646784698861 0.938202173978881 107.912241927295
0.920026523303198 0.0125448465903056 0.39165523517841 -2.57159683793031 -0.00657706311999764 0.999840989196583 -0.0165752394586944 -2.48127619510886 -0.391800891601009 0.0126737187290546 0.919962737394418 108.187774383198
0.900758267974571 0.0084248250400037 0.434239064339559 -2.34919305938278 -0.00256397245827555 0.999897573010998 -0.0140808214230812 -2.52977764068628 -0.434313214996601 0.0115700393154399 0.900687607036733 108.535968824821
0.877250919906122 0.0145134652207706 0.479812653908948 -2.19021099854946 -0.00691483263410495 0.999821192006561 -0.0176002586407688 -2.51190802055819 -0.479982300312735 0.012122018885694 0.877194418612334 108.820899878344
0.851769981048905 0.0149182975789113 0.523703488418108 -1.94273589237706 -0.00418882494731352 0.999756481601338 -0.0216663619852095 -2.55112371537991 -0.523899182218782 0.0162610545002597 0.851625049524162 109.11769163701
0.825250604778004 0.0118857870295032 0.56464162738876 -1.73227953984509 0.000701855445144104 0.999756163746083 -0.0220708053919495 -2.54635853675434 -0.564766276181991 0.0186102422983818 0.825041036657646 109.373566108452
0.7950599735634 0.017642315917715 0.606274184776514 -1.50195448531952 -0.0003568128059002 0.999590308089954 -0.0286197249681331 -2.54034036084626 -0.606530717377107 0.0225380713835407 0.794740538928475 109.604136472562
0.75972979450432 0.0256306972375953 0.649733565934175 -1.25265600022951 -0.00716981377237196 0.999492291835824 -0.0310443606995046 -2.57487512818692 -0.650199379508235 0.0189268571053454 0.759527840811132 109.892034083895
0.723284241190031 0.025889247684011 0.690064963101676 -0.984112226788234 -0.00536164487507694 0.999477394065293 -0.031877758965839 -2.58945213006309 -0.690529622254103 0.0193567974315613 0.72304505750527 110.114110146488
0.684066924705041 0.029267777765758 0.728831832255729 -0.674587982942299 -0.00688573453331313 0.999409265121092 -0.0336705724640389 -2.60247304498257 -0.72938674870368 0.0180143824421922 0.683864352661185 110.363475294576
0.643632490384374 0.0263585202032373 0.764880674180165 -0.352712791640218 -0.00345494435769341 0.999496634588322 -0.031536341038603 -2.63937109070851 -0.765326910987125 0.0176551935507195 0.643399575271536 110.581103391021
0.598730766532418 0.0237356214876681 0.800598581987313 -0.0189563495844283 -0.00028353019539243 0.999567025254542 -0.0294224681903659 -2.63537269421177 -0.800950303588263 0.0173891430605117 0.59847826099658 110.765454507177
0.554132928582592 0.0245966288384166 0.832064723029564 0.309061399591624 -0.00293680068396545 0.999614906167717 -0.0275937414833425 -2.69130418786334 -0.832423013054194 0.0128469925310188 0.553991770805926 110.966775818507
0.506011700492744 0.0194249824488236 0.862307850492679 0.697561625880155 0.00153043297627695 0.999724575363274 -0.023418607764463 -2.67152545557181 -0.862525255711012 0.013169793908165 0.505842603770254 111.190846693336
0.457561018749093 0.0191133705216072 0.888972774154864 1.0704504190203 0.00206561666949748 0.999743397852601 -0.0225581842777945 -2.71454248354377 -0.889175824766433 0.0121580227603012 0.457404126712357 111.255627194134
0.40508660534911 0.018923239036162 0.914082465202738 1.476464847261 -0.00262698951012795 0.999805748043991 -0.0195336915177117 -2.71213153876475 -0.914274543609767 0.00551155173936706 0.405057627634114 111.425895139086
0.355056518055738 0.0228578788026338 0.934565346223997 1.89169575399036 -0.00298032354268969 0.999723626554045 -0.0233192663094225 -2.72885894722189 -0.934840086141858 0.00549435039590471 0.355026513736666 111.497201601566
0.303215170316318 0.0262148957339504 0.952561462443083 2.34517658410068 -0.00356704268695761 0.999645748978578 -0.0263752299616152 -2.74034131404902 -0.952915440475447 0.00459954244645795 0.30320126568464 111.696931700548
0.256702859908682 0.0276879850763041 0.966093689658057 2.75216750766178 0.000651268161103293 0.999584380306113 -0.0288208691372367 -2.75166689332189 -0.966490153889053 0.00802758559329964 0.256578136841502 111.659449164829
0.214047443415279 0.0244986239741962 0.976516005701266 3.21827518416343 0.0105878768850831 0.999568536429223 -0.0273977707817004 -2.77804909523792 -0.976765882302637 0.0162036540357789 0.213695701326535 111.818373533242
0.180866008340508 0.0266470045458804 0.983146695145594 3.65847826763262 0.012541989754331 0.999489119546901 -0.0293972515783696 -2.80939232004174 -0.983427773412961 0.0176475793266818 0.180439400974218 111.789494482735
0.148871084095089 0.0287284757201883 0.988439211587211 4.21670329831687 0.0177370090050173 0.999339506646485 -0.0317166985532259 -2.81016447852705 -0.988697526461915 0.0222536544943705 0.148263198500965 111.937587240695
0.121317650113986 0.027006649890431 0.992246274184245 4.6648237022502 0.0118191710023285 0.999519635775412 -0.0286496927767924 -2.87049347991472 -0.992543366794438 0.0152032417951751 0.120940177241805 111.941516719506
0.096567597382438 0.0233454294291468 0.995052606679945 5.29200598845107 0.00971981789727878 0.999655103676287 -0.0243966971944274 -2.85077886690445 -0.995278968066656 0.0120276605672743 0.0963073782503259 112.060059677991
0.0731877562607016 0.0222234616909714 0.997070544186315 5.69243192455967 -0.000321199047869995 0.999752171587465 -0.0222596549236395 -2.89585601648051 -0.997318128364614 0.0013088760895468 0.073176756409986 112.032858574928
0.0497821819763138 0.0170865359101024 0.998613931731513 6.43176923139549 0.0088716735060165 0.999806640664644 -0.0175492077337631 -2.89403760713963 -0.998720695573532 0.00973301461382377 0.049620969958751 112.094723893498
0.0296418003727464 0.0187918439223632 0.999383925362351 6.89155230584796 0.0178164746974015 0.999654491974673 -0.0193253694457826 -2.89138209112311 -0.999401789522122 0.0183783371624496 0.0292967544810722 112.043638741303
0.0120750131652444 0.0196249062797484 0.999734493308383 7.68115479952051 0.0228169429616537 0.999541649003979 -0.0198967087803832 -2.93892680335995 -0.999666735052709 0.0230511379310834 0.0116216982037202 112.101090763438
-0.0020165167617146 0.0229351827793614 0.999734920391914 8.16286521738382 0.0269237647312146 0.99937578185896 -0.0228726370690037 -2.91752743799865 -0.999635455830198 0.0268705047341772 -0.00263275948058911 112.035083997902
-0.0131482137698841 0.0302345408680825 0.999456350729314 8.97654059667461 0.0195463780421996 0.99935952996014 -0.0299744721935089 -2.96543964642788 -0.999722493285058 0.0191416408999927 -0.0137307684986267 112.075739309196
-0.017797907638522 0.0289370617798375 0.99942277387462 9.50430545643414 0.0228449194138945 0.999331919550421 -0.0285276046075301 -2.99963400618864 -0.99958058411549 0.0223240010576235 -0.0184470820488207 112.01816090978
-0.0216468600845146 0.0269001911741554 0.999403718806007 10.3948867008354 0.0275307207835067 0.999274910916968 -0.0263004149211889 -3.01531078271637 -0.999386548269298 0.0269449833304828 -0.022371745834824 112.03427412842
-0.0221048155210039 0.0248177643703445 0.999447575264676 10.9618190678073 0.0292843454551648 0.999278958376309 -0.0241658945131671 -3.05806641293205 -0.999326675438039 0.028733985418264 -0.0228156490141753 112.000703021706
-0.0193682099487041 0.0243484240325967 0.999515896166995 11.9047842340562 0.0292346886211461 0.999289755255571 -0.0237764173601723 -3.06684323499191 -0.999384913546631 0.028760029353068 -0.0200662723743877 112.014373445785
-0.0189517310854283 0.0245355411526912 0.999519304020293 12.5908242608534 0.0251925469726742 0.99939316761734 -0.0240547728488118 -3.11765293193753 -0.999502960208671 0.0247245574302741 -0.0195583433342873 112.031744181808
-0.016681942282986 0.0261231776309974 0.999519530770723 13.4950424421577 0.0237154776255591 0.999387740527749 -0.0257239227924426 -3.12291878992777 -0.999579556074783 0.0232749580729869 -0.0172912522404241 112.015937156087
-0.0137950279790523 0.0282364873101024 0.999506077013764 14.1096319368338 0.0235789402892338 0.99933241739295 -0.02790614846947 -3.14304039221903 -0.99962679574824 0.02318232800971 -0.0144516051065723 111.972025237231
-0.015020420274572 0.0262368263441304 0.999542903490472 15.1445548994683 0.0228669678585474 0.999403238900841 -0.0258895317737694 -3.18186036310454 -0.999625674318008 0.0224676437994019 -0.0156114133367807 111.997876349669
-0.0147381130589908 0.0248430265786599 0.999582718965205 15.7949816006243 0.0231396223630496 0.999432039075954 -0.0244981049343767 -3.21556144578601 -0.999623602112493 0.0227689107972314 -0.0153046006400645 111.997396897206
-0.0144884500451832 0.0236141705880258 0.99961615421257 16.8667494904851 0.0230122090390706 0.999464165242816 -0.023277040847644 -3.24158119567078 -0.999630193146661 0.0226661276560507 -0.0150241008599271 111.977126295267
-0.0145754585151223 0.0221717309467691 0.999647923198912 17.5878526365281 0.0233877373294501 0.999488162978824 -0.0218271804827202 -3.26558122092914 -0.999620212756666 0.0230613618860785 -0.0150865448753759 111.987761443459
-0.0157270940953833 0.0197448939778039 0.999681348067033 18.6351893420303 0.0208522601221819 0.999594035788492 -0.0194151194657925 -3.30448436033598 -0.999658862692225 0.0205402720984756 -0.0161324351233396 111.974189786344
-0.0161654084385982 0.0178572572623403 0.999709856875024 19.4226292141883 0.0217510208533687 0.999610179748405 -0.0175037606015702 -3.34123231686623 -0.999632718883215 0.021461754504871 -0.0165475204101107 111.953797297272
-0.0184359229130219 0.0162729583606762 0.999697608065828 20.433451090976 0.0218385913643781 0.999635555610478 -0.0158692119070605 -3.36364251406675 -0.99959151290593 0.0215394239830868 -0.0187845825322789 111.927720559947
-0.0183307615594495 0.0138134975223448 0.999736550530614 21.2366523958723 0.024819251986921 0.999602724433667 -0.013356572749041 -3.39973609229349 -0.999523880610894 0.0245678772178403 -0.0186663198715974 111.920826953829
-0.0209532223744267 0.0136213386821243 0.999687662024812 22.2281009137174 0.0202158853412234 0.999708524193596 -0.0131979026565895 -3.42237426435992 -0.99957605035935 0.0199330325632897 -0.0212224824380302 111.901733932559
-0.020863617997352 0.0174947722012529 0.999629252467977 23.0888981965087 0.0197722689985882 0.999658562598573 -0.0170826111002725 -3.44145895792254 -0.999586798043426 0.0194085334062611 -0.0212024057198708 111.88578406824
-0.0228930798963543 0.0230562248032748 0.999472019313537 24.1286138208548 0.0185133729414538 0.999572376059794 -0.0226344878561144 -3.47495757131793 -0.999566486990831 0.0179854250991963 -0.0233101387557306 111.882380098969
-0.0240376440965366 0.0230510775501194 0.999445265880062 24.947902249657 0.022994016593128 0.999482403277174 -0.0224989053111438 -3.53053398123569 -0.999446580296918 0.0224404403491385 -0.0245552391504046 111.847513482643
-0.0254078995769153 0.0224486030744442 0.99942508416544 26.0189635081579 0.0151627278173138 0.999641483505162 -0.0220679890506036 -3.55333827339038 -0.999562169314259 0.0145933092753343 -0.0257391724841145 111.839093241753
